Cer,[M+HCO2]-,NL_H2CO2,M-H-H2CO,NL_H2O&SN1,NL_H2O&SN2amide,SN2amide
Cer(d10:0/10:0)+HCO2,388.3067,342.30121,312.2907,196.1707,153.1282,170.155
Cer(d10:0/12:0)+HCO2,416.338,370.33251,340.322,224.202,153.1282,198.1863
Cer(d10:0/13:0)+HCO2,430.3537,384.34821,354.3377,238.2177,153.1282,212.202
Cer(d10:0/14:0)+HCO2,444.3693,398.36381,368.3533,252.2333,153.1282,226.2176
Cer(d10:0/14:1)+HCO2,442.3537,396.34821,366.3377,250.2177,153.1282,224.202
Cer(d10:0/15:0)+HCO2,458.385,412.37951,382.369,266.249,153.1282,240.2333
Cer(d10:0/15:1)+HCO2,456.3693,410.36381,380.3533,264.2333,153.1282,238.2176
Cer(d10:0/16:0)+HCO2,472.4006,426.39511,396.3846,280.2646,153.1282,254.2489
Cer(d10:0/16:1)+HCO2,470.385,424.37951,394.369,278.249,153.1282,252.2333
Cer(d10:0/17:0)+HCO2,486.4163,440.41081,410.4003,294.2803,153.1282,268.2646
Cer(d10:0/17:1)+HCO2,484.4006,438.39511,408.3846,292.2646,153.1282,266.2489
Cer(d10:0/17:2)+HCO2,482.385,436.37951,406.369,290.249,153.1282,264.2333
Cer(d10:0/18:0)+HCO2,500.4319,454.42641,424.4159,308.2959,153.1282,282.2802
Cer(d10:0/18:1)+HCO2,498.4163,452.41081,422.4003,306.2803,153.1282,280.2646
Cer(d10:0/18:2)+HCO2,496.4006,450.39511,420.3846,304.2646,153.1282,278.2489
Cer(d10:0/18:3)+HCO2,494.385,448.37951,418.369,302.249,153.1282,276.2333
Cer(d10:0/18:4)+HCO2,492.3693,446.36381,416.3533,300.2333,153.1282,274.2176
Cer(d10:0/19:0)+HCO2,514.4476,468.44211,438.4316,322.3116,153.1282,296.2959
Cer(d10:0/20:0)+HCO2,528.4632,482.45771,452.4472,336.3272,153.1282,310.3115
Cer(d10:0/20:1)+HCO2,526.4476,480.44211,450.4316,334.3116,153.1282,308.2959
Cer(d10:0/20:2)+HCO2,524.4319,478.42641,448.4159,332.2959,153.1282,306.2802
Cer(d10:0/20:3)+HCO2,522.4163,476.41081,446.4003,330.2803,153.1282,304.2646
Cer(d10:0/20:4)+HCO2,520.4006,474.39511,444.3846,328.2646,153.1282,302.2489
Cer(d10:0/20:5)+HCO2,518.385,472.37951,442.369,326.249,153.1282,300.2333
Cer(d10:0/21:0)+HCO2,542.4789,496.47341,466.4629,350.3429,153.1282,324.3272
Cer(d10:0/22:0)+HCO2,556.4945,510.48901,480.4785,364.3585,153.1282,338.3428
Cer(d10:0/22:1)+HCO2,554.4789,508.47341,478.4629,362.3429,153.1282,336.3272
Cer(d10:0/22:2)+HCO2,552.4632,506.45771,476.4472,360.3272,153.1282,334.3115
Cer(d10:0/22:3)+HCO2,550.4476,504.44211,474.4316,358.3116,153.1282,332.2959
Cer(d10:0/22:4)+HCO2,548.4319,502.42641,472.4159,356.2959,153.1282,330.2802
Cer(d10:0/22:5)+HCO2,546.4163,500.41081,470.4003,354.2803,153.1282,328.2646
Cer(d10:0/22:6)+HCO2,544.4006,498.39511,468.3846,352.2646,153.1282,326.2489
Cer(d10:0/23:0)+HCO2,570.5102,524.50471,494.4942,378.3742,153.1282,352.3585
Cer(d10:0/24:0)+HCO2,584.5258,538.52031,508.5098,392.3898,153.1282,366.3741
Cer(d10:0/24:1)+HCO2,582.5102,536.50471,506.4942,390.3742,153.1282,364.3585
Cer(d10:0/25:0)+HCO2,598.5415,552.53601,522.5255,406.4055,153.1282,380.3898
Cer(d10:0/26:0)+HCO2,612.5571,566.55161,536.5411,420.4211,153.1282,394.4054
Cer(d10:0/8:0)+HCO2,360.2754,314.26991,284.2594,168.1394,153.1282,142.1237
Cer(d12:0/10:0)+HCO2,416.338,370.33251,340.322,196.1707,181.1595,170.155
Cer(d12:0/12:0)+HCO2,444.3693,398.36381,368.3533,224.202,181.1595,198.1863
Cer(d12:0/13:0)+HCO2,458.385,412.37951,382.369,238.2177,181.1595,212.202
Cer(d12:0/14:0)+HCO2,472.4006,426.39511,396.3846,252.2333,181.1595,226.2176
Cer(d12:0/14:1)+HCO2,470.385,424.37951,394.369,250.2177,181.1595,224.202
Cer(d12:0/15:0)+HCO2,486.4163,440.41081,410.4003,266.249,181.1595,240.2333
Cer(d12:0/15:1)+HCO2,484.4006,438.39511,408.3846,264.2333,181.1595,238.2176
Cer(d12:0/16:0)+HCO2,500.4319,454.42641,424.4159,280.2646,181.1595,254.2489
Cer(d12:0/16:1)+HCO2,498.4163,452.41081,422.4003,278.249,181.1595,252.2333
Cer(d12:0/17:0)+HCO2,514.4476,468.44211,438.4316,294.2803,181.1595,268.2646
Cer(d12:0/17:1)+HCO2,512.4319,466.42641,436.4159,292.2646,181.1595,266.2489
Cer(d12:0/17:2)+HCO2,510.4163,464.41081,434.4003,290.249,181.1595,264.2333
Cer(d12:0/18:0)+HCO2,528.4632,482.45771,452.4472,308.2959,181.1595,282.2802
Cer(d12:0/18:1)+HCO2,526.4476,480.44211,450.4316,306.2803,181.1595,280.2646
Cer(d12:0/18:2)+HCO2,524.4319,478.42641,448.4159,304.2646,181.1595,278.2489
Cer(d12:0/18:3)+HCO2,522.4163,476.41081,446.4003,302.249,181.1595,276.2333
Cer(d12:0/18:4)+HCO2,520.4006,474.39511,444.3846,300.2333,181.1595,274.2176
Cer(d12:0/19:0)+HCO2,542.4789,496.47341,466.4629,322.3116,181.1595,296.2959
Cer(d12:0/20:0)+HCO2,556.4945,510.48901,480.4785,336.3272,181.1595,310.3115
Cer(d12:0/20:1)+HCO2,554.4789,508.47341,478.4629,334.3116,181.1595,308.2959
Cer(d12:0/20:2)+HCO2,552.4632,506.45771,476.4472,332.2959,181.1595,306.2802
Cer(d12:0/20:3)+HCO2,550.4476,504.44211,474.4316,330.2803,181.1595,304.2646
Cer(d12:0/20:4)+HCO2,548.4319,502.42641,472.4159,328.2646,181.1595,302.2489
Cer(d12:0/20:5)+HCO2,546.4163,500.41081,470.4003,326.249,181.1595,300.2333
Cer(d12:0/21:0)+HCO2,570.5102,524.50471,494.4942,350.3429,181.1595,324.3272
Cer(d12:0/22:0)+HCO2,584.5258,538.52031,508.5098,364.3585,181.1595,338.3428
Cer(d12:0/22:1)+HCO2,582.5102,536.50471,506.4942,362.3429,181.1595,336.3272
Cer(d12:0/22:2)+HCO2,580.4945,534.48901,504.4785,360.3272,181.1595,334.3115
Cer(d12:0/22:3)+HCO2,578.4789,532.47341,502.4629,358.3116,181.1595,332.2959
Cer(d12:0/22:4)+HCO2,576.4632,530.45771,500.4472,356.2959,181.1595,330.2802
Cer(d12:0/22:5)+HCO2,574.4476,528.44211,498.4316,354.2803,181.1595,328.2646
Cer(d12:0/22:6)+HCO2,572.4319,526.42641,496.4159,352.2646,181.1595,326.2489
Cer(d12:0/23:0)+HCO2,598.5415,552.53601,522.5255,378.3742,181.1595,352.3585
Cer(d12:0/24:0)+HCO2,612.5571,566.55161,536.5411,392.3898,181.1595,366.3741
Cer(d12:0/24:1)+HCO2,610.5415,564.53601,534.5255,390.3742,181.1595,364.3585
Cer(d12:0/25:0)+HCO2,626.5728,580.56731,550.5568,406.4055,181.1595,380.3898
Cer(d12:0/26:0)+HCO2,640.5884,594.58291,564.5724,420.4211,181.1595,394.4054
Cer(d12:0/8:0)+HCO2,388.3067,342.30121,312.2907,168.1394,181.1595,142.1237
Cer(d13:0/10:0)+HCO2,430.3537,384.34821,354.3377,196.1707,195.1752,170.155
Cer(d13:0/12:0)+HCO2,458.385,412.37951,382.369,224.202,195.1752,198.1863
Cer(d13:0/13:0)+HCO2,472.4007,426.39521,396.3847,238.2177,195.1752,212.202
Cer(d13:0/14:0)+HCO2,486.4163,440.41081,410.4003,252.2333,195.1752,226.2176
Cer(d13:0/14:1)+HCO2,484.4007,438.39521,408.3847,250.2177,195.1752,224.202
Cer(d13:0/15:0)+HCO2,500.432,454.42651,424.416,266.249,195.1752,240.2333
Cer(d13:0/15:1)+HCO2,498.4163,452.41081,422.4003,264.2333,195.1752,238.2176
Cer(d13:0/16:0)+HCO2,514.4476,468.44211,438.4316,280.2646,195.1752,254.2489
Cer(d13:0/16:1)+HCO2,512.432,466.42651,436.416,278.249,195.1752,252.2333
Cer(d13:0/17:0)+HCO2,528.4633,482.45781,452.4473,294.2803,195.1752,268.2646
Cer(d13:0/17:1)+HCO2,526.4476,480.44211,450.4316,292.2646,195.1752,266.2489
Cer(d13:0/17:2)+HCO2,524.432,478.42651,448.416,290.249,195.1752,264.2333
Cer(d13:0/18:0)+HCO2,542.4789,496.47341,466.4629,308.2959,195.1752,282.2802
Cer(d13:0/18:1)+HCO2,540.4633,494.45781,464.4473,306.2803,195.1752,280.2646
Cer(d13:0/18:2)+HCO2,538.4476,492.44211,462.4316,304.2646,195.1752,278.2489
Cer(d13:0/18:3)+HCO2,536.432,490.42651,460.416,302.249,195.1752,276.2333
Cer(d13:0/18:4)+HCO2,534.4163,488.41081,458.4003,300.2333,195.1752,274.2176
Cer(d13:0/19:0)+HCO2,556.4946,510.48911,480.4786,322.3116,195.1752,296.2959
Cer(d13:0/20:0)+HCO2,570.5102,524.50471,494.4942,336.3272,195.1752,310.3115
Cer(d13:0/20:1)+HCO2,568.4946,522.48911,492.4786,334.3116,195.1752,308.2959
Cer(d13:0/20:2)+HCO2,566.4789,520.47341,490.4629,332.2959,195.1752,306.2802
Cer(d13:0/20:3)+HCO2,564.4633,518.45781,488.4473,330.2803,195.1752,304.2646
Cer(d13:0/20:4)+HCO2,562.4476,516.44211,486.4316,328.2646,195.1752,302.2489
Cer(d13:0/20:5)+HCO2,560.432,514.42651,484.416,326.249,195.1752,300.2333
Cer(d13:0/21:0)+HCO2,584.5259,538.52041,508.5099,350.3429,195.1752,324.3272
Cer(d13:0/22:0)+HCO2,598.5415,552.53601,522.5255,364.3585,195.1752,338.3428
Cer(d13:0/22:1)+HCO2,596.5259,550.52041,520.5099,362.3429,195.1752,336.3272
Cer(d13:0/22:2)+HCO2,594.5102,548.50471,518.4942,360.3272,195.1752,334.3115
Cer(d13:0/22:3)+HCO2,592.4946,546.48911,516.4786,358.3116,195.1752,332.2959
Cer(d13:0/22:4)+HCO2,590.4789,544.47341,514.4629,356.2959,195.1752,330.2802
Cer(d13:0/22:5)+HCO2,588.4633,542.45781,512.4473,354.2803,195.1752,328.2646
Cer(d13:0/22:6)+HCO2,586.4476,540.44211,510.4316,352.2646,195.1752,326.2489
Cer(d13:0/23:0)+HCO2,612.5572,566.55171,536.5412,378.3742,195.1752,352.3585
Cer(d13:0/24:0)+HCO2,626.5728,580.56731,550.5568,392.3898,195.1752,366.3741
Cer(d13:0/24:1)+HCO2,624.5572,578.55171,548.5412,390.3742,195.1752,364.3585
Cer(d13:0/25:0)+HCO2,640.5885,594.58301,564.5725,406.4055,195.1752,380.3898
Cer(d13:0/26:0)+HCO2,654.6041,608.59861,578.5881,420.4211,195.1752,394.4054
Cer(d13:0/8:0)+HCO2,402.3224,356.31691,326.3064,168.1394,195.1752,142.1237
Cer(d14:0/10:0)+HCO2,444.3693,398.36381,368.3533,196.1707,209.1908,170.155
Cer(d14:0/12:0)+HCO2,472.4006,426.39511,396.3846,224.202,209.1908,198.1863
Cer(d14:0/13:0)+HCO2,486.4163,440.41081,410.4003,238.2177,209.1908,212.202
Cer(d14:0/14:0)+HCO2,500.4319,454.42641,424.4159,252.2333,209.1908,226.2176
Cer(d14:0/14:1)+HCO2,498.4163,452.41081,422.4003,250.2177,209.1908,224.202
Cer(d14:0/15:0)+HCO2,514.4476,468.44211,438.4316,266.249,209.1908,240.2333
Cer(d14:0/15:1)+HCO2,512.4319,466.42641,436.4159,264.2333,209.1908,238.2176
Cer(d14:0/16:0)+HCO2,528.4632,482.45771,452.4472,280.2646,209.1908,254.2489
Cer(d14:0/16:1)+HCO2,526.4476,480.44211,450.4316,278.249,209.1908,252.2333
Cer(d14:0/17:0)+HCO2,542.4789,496.47341,466.4629,294.2803,209.1908,268.2646
Cer(d14:0/17:1)+HCO2,540.4632,494.45771,464.4472,292.2646,209.1908,266.2489
Cer(d14:0/17:2)+HCO2,538.4476,492.44211,462.4316,290.249,209.1908,264.2333
Cer(d14:0/18:0)+HCO2,556.4945,510.48901,480.4785,308.2959,209.1908,282.2802
Cer(d14:0/18:1)+HCO2,554.4789,508.47341,478.4629,306.2803,209.1908,280.2646
Cer(d14:0/18:2)+HCO2,552.4632,506.45771,476.4472,304.2646,209.1908,278.2489
Cer(d14:0/18:3)+HCO2,550.4476,504.44211,474.4316,302.249,209.1908,276.2333
Cer(d14:0/18:4)+HCO2,548.4319,502.42641,472.4159,300.2333,209.1908,274.2176
Cer(d14:0/19:0)+HCO2,570.5102,524.50471,494.4942,322.3116,209.1908,296.2959
Cer(d14:0/20:0)+HCO2,584.5258,538.52031,508.5098,336.3272,209.1908,310.3115
Cer(d14:0/20:1)+HCO2,582.5102,536.50471,506.4942,334.3116,209.1908,308.2959
Cer(d14:0/20:2)+HCO2,580.4945,534.48901,504.4785,332.2959,209.1908,306.2802
Cer(d14:0/20:3)+HCO2,578.4789,532.47341,502.4629,330.2803,209.1908,304.2646
Cer(d14:0/20:4)+HCO2,576.4632,530.45771,500.4472,328.2646,209.1908,302.2489
Cer(d14:0/20:5)+HCO2,574.4476,528.44211,498.4316,326.249,209.1908,300.2333
Cer(d14:0/21:0)+HCO2,598.5415,552.53601,522.5255,350.3429,209.1908,324.3272
Cer(d14:0/22:0)+HCO2,612.5571,566.55161,536.5411,364.3585,209.1908,338.3428
Cer(d14:0/22:1)+HCO2,610.5415,564.53601,534.5255,362.3429,209.1908,336.3272
Cer(d14:0/22:2)+HCO2,608.5258,562.52031,532.5098,360.3272,209.1908,334.3115
Cer(d14:0/22:3)+HCO2,606.5102,560.50471,530.4942,358.3116,209.1908,332.2959
Cer(d14:0/22:4)+HCO2,604.4945,558.48901,528.4785,356.2959,209.1908,330.2802
Cer(d14:0/22:5)+HCO2,602.4789,556.47341,526.4629,354.2803,209.1908,328.2646
Cer(d14:0/22:6)+HCO2,600.4632,554.45771,524.4472,352.2646,209.1908,326.2489
Cer(d14:0/23:0)+HCO2,626.5728,580.56731,550.5568,378.3742,209.1908,352.3585
Cer(d14:0/24:0)+HCO2,640.5884,594.58291,564.5724,392.3898,209.1908,366.3741
Cer(d14:0/24:1)+HCO2,638.5728,592.56731,562.5568,390.3742,209.1908,364.3585
Cer(d14:0/25:0)+HCO2,654.6041,608.59861,578.5881,406.4055,209.1908,380.3898
Cer(d14:0/26:0)+HCO2,668.6197,622.61421,592.6037,420.4211,209.1908,394.4054
Cer(d14:0/8:0)+HCO2,416.338,370.33251,340.322,168.1394,209.1908,142.1237
Cer(d14:1/10:0)+HCO2,442.3537,396.34821,366.3377,196.1707,207.1752,170.155
Cer(d14:1/12:0)+HCO2,470.385,424.37951,394.369,224.202,207.1752,198.1863
Cer(d14:1/13:0)+HCO2,484.4007,438.39521,408.3847,238.2177,207.1752,212.202
Cer(d14:1/14:0)+HCO2,498.4163,452.41081,422.4003,252.2333,207.1752,226.2176
Cer(d14:1/14:1)+HCO2,496.4007,450.39521,420.3847,250.2177,207.1752,224.202
Cer(d14:1/15:0)+HCO2,512.432,466.42651,436.416,266.249,207.1752,240.2333
Cer(d14:1/15:1)+HCO2,510.4163,464.41081,434.4003,264.2333,207.1752,238.2176
Cer(d14:1/16:0)+HCO2,526.4476,480.44211,450.4316,280.2646,207.1752,254.2489
Cer(d14:1/16:1)+HCO2,524.432,478.42651,448.416,278.249,207.1752,252.2333
Cer(d14:1/17:0)+HCO2,540.4633,494.45781,464.4473,294.2803,207.1752,268.2646
Cer(d14:1/17:1)+HCO2,538.4476,492.44211,462.4316,292.2646,207.1752,266.2489
Cer(d14:1/17:2)+HCO2,536.432,490.42651,460.416,290.249,207.1752,264.2333
Cer(d14:1/18:0)+HCO2,554.4789,508.47341,478.4629,308.2959,207.1752,282.2802
Cer(d14:1/18:1)+HCO2,552.4633,506.45781,476.4473,306.2803,207.1752,280.2646
Cer(d14:1/18:2)+HCO2,550.4476,504.44211,474.4316,304.2646,207.1752,278.2489
Cer(d14:1/18:3)+HCO2,548.432,502.42651,472.416,302.249,207.1752,276.2333
Cer(d14:1/18:4)+HCO2,546.4163,500.41081,470.4003,300.2333,207.1752,274.2176
Cer(d14:1/19:0)+HCO2,568.4946,522.48911,492.4786,322.3116,207.1752,296.2959
Cer(d14:1/20:0)+HCO2,582.5102,536.50471,506.4942,336.3272,207.1752,310.3115
Cer(d14:1/20:1)+HCO2,580.4946,534.48911,504.4786,334.3116,207.1752,308.2959
Cer(d14:1/20:2)+HCO2,578.4789,532.47341,502.4629,332.2959,207.1752,306.2802
Cer(d14:1/20:3)+HCO2,576.4633,530.45781,500.4473,330.2803,207.1752,304.2646
Cer(d14:1/20:4)+HCO2,574.4476,528.44211,498.4316,328.2646,207.1752,302.2489
Cer(d14:1/20:5)+HCO2,572.432,526.42651,496.416,326.249,207.1752,300.2333
Cer(d14:1/21:0)+HCO2,596.5259,550.52041,520.5099,350.3429,207.1752,324.3272
Cer(d14:1/22:0)+HCO2,610.5415,564.53601,534.5255,364.3585,207.1752,338.3428
Cer(d14:1/22:1)+HCO2,608.5259,562.52041,532.5099,362.3429,207.1752,336.3272
Cer(d14:1/22:2)+HCO2,606.5102,560.50471,530.4942,360.3272,207.1752,334.3115
Cer(d14:1/22:3)+HCO2,604.4946,558.48911,528.4786,358.3116,207.1752,332.2959
Cer(d14:1/22:4)+HCO2,602.4789,556.47341,526.4629,356.2959,207.1752,330.2802
Cer(d14:1/22:5)+HCO2,600.4633,554.45781,524.4473,354.2803,207.1752,328.2646
Cer(d14:1/22:6)+HCO2,598.4476,552.44211,522.4316,352.2646,207.1752,326.2489
Cer(d14:1/23:0)+HCO2,624.5572,578.55171,548.5412,378.3742,207.1752,352.3585
Cer(d14:1/24:0)+HCO2,638.5728,592.56731,562.5568,392.3898,207.1752,366.3741
Cer(d14:1/24:1)+HCO2,636.5572,590.55171,560.5412,390.3742,207.1752,364.3585
Cer(d14:1/25:0)+HCO2,652.5885,606.58301,576.5725,406.4055,207.1752,380.3898
Cer(d14:1/26:0)+HCO2,666.6041,620.59861,590.5881,420.4211,207.1752,394.4054
Cer(d14:1/8:0)+HCO2,414.3224,368.31691,338.3064,168.1394,207.1752,142.1237
Cer(d15:0/10:0)+HCO2,458.385,412.37951,382.369,196.1707,223.2065,170.155
Cer(d15:0/12:0)+HCO2,486.4163,440.41081,410.4003,224.202,223.2065,198.1863
Cer(d15:0/13:0)+HCO2,500.432,454.42651,424.416,238.2177,223.2065,212.202
Cer(d15:0/14:0)+HCO2,514.4476,468.44211,438.4316,252.2333,223.2065,226.2176
Cer(d15:0/14:1)+HCO2,512.432,466.42651,436.416,250.2177,223.2065,224.202
Cer(d15:0/15:0)+HCO2,528.4633,482.45781,452.4473,266.249,223.2065,240.2333
Cer(d15:0/15:1)+HCO2,526.4476,480.44211,450.4316,264.2333,223.2065,238.2176
Cer(d15:0/16:0)+HCO2,542.4789,496.47341,466.4629,280.2646,223.2065,254.2489
Cer(d15:0/16:1)+HCO2,540.4633,494.45781,464.4473,278.249,223.2065,252.2333
Cer(d15:0/17:0)+HCO2,556.4946,510.48911,480.4786,294.2803,223.2065,268.2646
Cer(d15:0/17:1)+HCO2,554.4789,508.47341,478.4629,292.2646,223.2065,266.2489
Cer(d15:0/17:2)+HCO2,552.4633,506.45781,476.4473,290.249,223.2065,264.2333
Cer(d15:0/18:0)+HCO2,570.5102,524.50471,494.4942,308.2959,223.2065,282.2802
Cer(d15:0/18:1)+HCO2,568.4946,522.48911,492.4786,306.2803,223.2065,280.2646
Cer(d15:0/18:2)+HCO2,566.4789,520.47341,490.4629,304.2646,223.2065,278.2489
Cer(d15:0/18:3)+HCO2,564.4633,518.45781,488.4473,302.249,223.2065,276.2333
Cer(d15:0/18:4)+HCO2,562.4476,516.44211,486.4316,300.2333,223.2065,274.2176
Cer(d15:0/19:0)+HCO2,584.5259,538.52041,508.5099,322.3116,223.2065,296.2959
Cer(d15:0/20:0)+HCO2,598.5415,552.53601,522.5255,336.3272,223.2065,310.3115
Cer(d15:0/20:1)+HCO2,596.5259,550.52041,520.5099,334.3116,223.2065,308.2959
Cer(d15:0/20:2)+HCO2,594.5102,548.50471,518.4942,332.2959,223.2065,306.2802
Cer(d15:0/20:3)+HCO2,592.4946,546.48911,516.4786,330.2803,223.2065,304.2646
Cer(d15:0/20:4)+HCO2,590.4789,544.47341,514.4629,328.2646,223.2065,302.2489
Cer(d15:0/20:5)+HCO2,588.4633,542.45781,512.4473,326.249,223.2065,300.2333
Cer(d15:0/21:0)+HCO2,612.5572,566.55171,536.5412,350.3429,223.2065,324.3272
Cer(d15:0/22:0)+HCO2,626.5728,580.56731,550.5568,364.3585,223.2065,338.3428
Cer(d15:0/22:1)+HCO2,624.5572,578.55171,548.5412,362.3429,223.2065,336.3272
Cer(d15:0/22:2)+HCO2,622.5415,576.53601,546.5255,360.3272,223.2065,334.3115
Cer(d15:0/22:3)+HCO2,620.5259,574.52041,544.5099,358.3116,223.2065,332.2959
Cer(d15:0/22:4)+HCO2,618.5102,572.50471,542.4942,356.2959,223.2065,330.2802
Cer(d15:0/22:5)+HCO2,616.4946,570.48911,540.4786,354.2803,223.2065,328.2646
Cer(d15:0/22:6)+HCO2,614.4789,568.47341,538.4629,352.2646,223.2065,326.2489
Cer(d15:0/23:0)+HCO2,640.5885,594.58301,564.5725,378.3742,223.2065,352.3585
Cer(d15:0/24:0)+HCO2,654.6041,608.59861,578.5881,392.3898,223.2065,366.3741
Cer(d15:0/24:1)+HCO2,652.5885,606.58301,576.5725,390.3742,223.2065,364.3585
Cer(d15:0/25:0)+HCO2,668.6198,622.61431,592.6038,406.4055,223.2065,380.3898
Cer(d15:0/26:0)+HCO2,682.6354,636.62991,606.6194,420.4211,223.2065,394.4054
Cer(d15:0/8:0)+HCO2,430.3537,384.34821,354.3377,168.1394,223.2065,142.1237
Cer(d15:1/10:0)+HCO2,456.3693,410.36381,380.3533,196.1707,221.1908,170.155
Cer(d15:1/12:0)+HCO2,484.4006,438.39511,408.3846,224.202,221.1908,198.1863
Cer(d15:1/13:0)+HCO2,498.4163,452.41081,422.4003,238.2177,221.1908,212.202
Cer(d15:1/14:0)+HCO2,512.4319,466.42641,436.4159,252.2333,221.1908,226.2176
Cer(d15:1/14:1)+HCO2,510.4163,464.41081,434.4003,250.2177,221.1908,224.202
Cer(d15:1/15:0)+HCO2,526.4476,480.44211,450.4316,266.249,221.1908,240.2333
Cer(d15:1/15:1)+HCO2,524.4319,478.42641,448.4159,264.2333,221.1908,238.2176
Cer(d15:1/16:0)+HCO2,540.4632,494.45771,464.4472,280.2646,221.1908,254.2489
Cer(d15:1/16:1)+HCO2,538.4476,492.44211,462.4316,278.249,221.1908,252.2333
Cer(d15:1/17:0)+HCO2,554.4789,508.47341,478.4629,294.2803,221.1908,268.2646
Cer(d15:1/17:1)+HCO2,552.4632,506.45771,476.4472,292.2646,221.1908,266.2489
Cer(d15:1/17:2)+HCO2,550.4476,504.44211,474.4316,290.249,221.1908,264.2333
Cer(d15:1/18:0)+HCO2,568.4945,522.48901,492.4785,308.2959,221.1908,282.2802
Cer(d15:1/18:1)+HCO2,566.4789,520.47341,490.4629,306.2803,221.1908,280.2646
Cer(d15:1/18:2)+HCO2,564.4632,518.45771,488.4472,304.2646,221.1908,278.2489
Cer(d15:1/18:3)+HCO2,562.4476,516.44211,486.4316,302.249,221.1908,276.2333
Cer(d15:1/18:4)+HCO2,560.4319,514.42641,484.4159,300.2333,221.1908,274.2176
Cer(d15:1/19:0)+HCO2,582.5102,536.50471,506.4942,322.3116,221.1908,296.2959
Cer(d15:1/20:0)+HCO2,596.5258,550.52031,520.5098,336.3272,221.1908,310.3115
Cer(d15:1/20:1)+HCO2,594.5102,548.50471,518.4942,334.3116,221.1908,308.2959
Cer(d15:1/20:2)+HCO2,592.4945,546.48901,516.4785,332.2959,221.1908,306.2802
Cer(d15:1/20:3)+HCO2,590.4789,544.47341,514.4629,330.2803,221.1908,304.2646
Cer(d15:1/20:4)+HCO2,588.4632,542.45771,512.4472,328.2646,221.1908,302.2489
Cer(d15:1/20:5)+HCO2,586.4476,540.44211,510.4316,326.249,221.1908,300.2333
Cer(d15:1/21:0)+HCO2,610.5415,564.53601,534.5255,350.3429,221.1908,324.3272
Cer(d15:1/22:0)+HCO2,624.5571,578.55161,548.5411,364.3585,221.1908,338.3428
Cer(d15:1/22:1)+HCO2,622.5415,576.53601,546.5255,362.3429,221.1908,336.3272
Cer(d15:1/22:2)+HCO2,620.5258,574.52031,544.5098,360.3272,221.1908,334.3115
Cer(d15:1/22:3)+HCO2,618.5102,572.50471,542.4942,358.3116,221.1908,332.2959
Cer(d15:1/22:4)+HCO2,616.4945,570.48901,540.4785,356.2959,221.1908,330.2802
Cer(d15:1/22:5)+HCO2,614.4789,568.47341,538.4629,354.2803,221.1908,328.2646
Cer(d15:1/22:6)+HCO2,612.4632,566.45771,536.4472,352.2646,221.1908,326.2489
Cer(d15:1/23:0)+HCO2,638.5728,592.56731,562.5568,378.3742,221.1908,352.3585
Cer(d15:1/24:0)+HCO2,652.5884,606.58291,576.5724,392.3898,221.1908,366.3741
Cer(d15:1/24:1)+HCO2,650.5728,604.56731,574.5568,390.3742,221.1908,364.3585
Cer(d15:1/25:0)+HCO2,666.6041,620.59861,590.5881,406.4055,221.1908,380.3898
Cer(d15:1/26:0)+HCO2,680.6197,634.61421,604.6037,420.4211,221.1908,394.4054
Cer(d15:1/8:0)+HCO2,428.338,382.33251,352.322,168.1394,221.1908,142.1237
Cer(d16:0/10:0)+HCO2,472.4006,426.39511,396.3846,196.1707,237.2221,170.155
Cer(d16:0/12:0)+HCO2,500.4319,454.42641,424.4159,224.202,237.2221,198.1863
Cer(d16:0/13:0)+HCO2,514.4476,468.44211,438.4316,238.2177,237.2221,212.202
Cer(d16:0/14:0)+HCO2,528.4632,482.45771,452.4472,252.2333,237.2221,226.2176
Cer(d16:0/14:1)+HCO2,526.4476,480.44211,450.4316,250.2177,237.2221,224.202
Cer(d16:0/15:0)+HCO2,542.4789,496.47341,466.4629,266.249,237.2221,240.2333
Cer(d16:0/15:1)+HCO2,540.4632,494.45771,464.4472,264.2333,237.2221,238.2176
Cer(d16:0/16:0)+HCO2,556.4945,510.48901,480.4785,280.2646,237.2221,254.2489
Cer(d16:0/16:1)+HCO2,554.4789,508.47341,478.4629,278.249,237.2221,252.2333
Cer(d16:0/17:0)+HCO2,570.5102,524.50471,494.4942,294.2803,237.2221,268.2646
Cer(d16:0/17:1)+HCO2,568.4945,522.48901,492.4785,292.2646,237.2221,266.2489
Cer(d16:0/17:2)+HCO2,566.4789,520.47341,490.4629,290.249,237.2221,264.2333
Cer(d16:0/18:0)+HCO2,584.5258,538.52031,508.5098,308.2959,237.2221,282.2802
Cer(d16:0/18:1)+HCO2,582.5102,536.50471,506.4942,306.2803,237.2221,280.2646
Cer(d16:0/18:2)+HCO2,580.4945,534.48901,504.4785,304.2646,237.2221,278.2489
Cer(d16:0/18:3)+HCO2,578.4789,532.47341,502.4629,302.249,237.2221,276.2333
Cer(d16:0/18:4)+HCO2,576.4632,530.45771,500.4472,300.2333,237.2221,274.2176
Cer(d16:0/19:0)+HCO2,598.5415,552.53601,522.5255,322.3116,237.2221,296.2959
Cer(d16:0/20:0)+HCO2,612.5571,566.55161,536.5411,336.3272,237.2221,310.3115
Cer(d16:0/20:1)+HCO2,610.5415,564.53601,534.5255,334.3116,237.2221,308.2959
Cer(d16:0/20:2)+HCO2,608.5258,562.52031,532.5098,332.2959,237.2221,306.2802
Cer(d16:0/20:3)+HCO2,606.5102,560.50471,530.4942,330.2803,237.2221,304.2646
Cer(d16:0/20:4)+HCO2,604.4945,558.48901,528.4785,328.2646,237.2221,302.2489
Cer(d16:0/20:5)+HCO2,602.4789,556.47341,526.4629,326.249,237.2221,300.2333
Cer(d16:0/21:0)+HCO2,626.5728,580.56731,550.5568,350.3429,237.2221,324.3272
Cer(d16:0/22:0)+HCO2,640.5884,594.58291,564.5724,364.3585,237.2221,338.3428
Cer(d16:0/22:1)+HCO2,638.5728,592.56731,562.5568,362.3429,237.2221,336.3272
Cer(d16:0/22:2)+HCO2,636.5571,590.55161,560.5411,360.3272,237.2221,334.3115
Cer(d16:0/22:3)+HCO2,634.5415,588.53601,558.5255,358.3116,237.2221,332.2959
Cer(d16:0/22:4)+HCO2,632.5258,586.52031,556.5098,356.2959,237.2221,330.2802
Cer(d16:0/22:5)+HCO2,630.5102,584.50471,554.4942,354.2803,237.2221,328.2646
Cer(d16:0/22:6)+HCO2,628.4945,582.48901,552.4785,352.2646,237.2221,326.2489
Cer(d16:0/23:0)+HCO2,654.6041,608.59861,578.5881,378.3742,237.2221,352.3585
Cer(d16:0/24:0)+HCO2,668.6197,622.61421,592.6037,392.3898,237.2221,366.3741
Cer(d16:0/24:1)+HCO2,666.6041,620.59861,590.5881,390.3742,237.2221,364.3585
Cer(d16:0/25:0)+HCO2,682.6354,636.62991,606.6194,406.4055,237.2221,380.3898
Cer(d16:0/26:0)+HCO2,696.651,650.64551,620.635,420.4211,237.2221,394.4054
Cer(d16:0/8:0)+HCO2,444.3693,398.36381,368.3533,168.1394,237.2221,142.1237
Cer(d16:1/10:0)+HCO2,470.385,424.37951,394.369,196.1707,235.2065,170.155
Cer(d16:1/12:0)+HCO2,498.4163,452.41081,422.4003,224.202,235.2065,198.1863
Cer(d16:1/13:0)+HCO2,512.432,466.42651,436.416,238.2177,235.2065,212.202
Cer(d16:1/14:0)+HCO2,526.4476,480.44211,450.4316,252.2333,235.2065,226.2176
Cer(d16:1/14:1)+HCO2,524.432,478.42651,448.416,250.2177,235.2065,224.202
Cer(d16:1/15:0)+HCO2,540.4633,494.45781,464.4473,266.249,235.2065,240.2333
Cer(d16:1/15:1)+HCO2,538.4476,492.44211,462.4316,264.2333,235.2065,238.2176
Cer(d16:1/16:0)+HCO2,554.4789,508.47341,478.4629,280.2646,235.2065,254.2489
Cer(d16:1/16:1)+HCO2,552.4633,506.45781,476.4473,278.249,235.2065,252.2333
Cer(d16:1/17:0)+HCO2,568.4946,522.48911,492.4786,294.2803,235.2065,268.2646
Cer(d16:1/17:1)+HCO2,566.4789,520.47341,490.4629,292.2646,235.2065,266.2489
Cer(d16:1/17:2)+HCO2,564.4633,518.45781,488.4473,290.249,235.2065,264.2333
Cer(d16:1/18:0)+HCO2,582.5102,536.50471,506.4942,308.2959,235.2065,282.2802
Cer(d16:1/18:1)+HCO2,580.4946,534.48911,504.4786,306.2803,235.2065,280.2646
Cer(d16:1/18:2)+HCO2,578.4789,532.47341,502.4629,304.2646,235.2065,278.2489
Cer(d16:1/18:3)+HCO2,576.4633,530.45781,500.4473,302.249,235.2065,276.2333
Cer(d16:1/18:4)+HCO2,574.4476,528.44211,498.4316,300.2333,235.2065,274.2176
Cer(d16:1/19:0)+HCO2,596.5259,550.52041,520.5099,322.3116,235.2065,296.2959
Cer(d16:1/20:0)+HCO2,610.5415,564.53601,534.5255,336.3272,235.2065,310.3115
Cer(d16:1/20:1)+HCO2,608.5259,562.52041,532.5099,334.3116,235.2065,308.2959
Cer(d16:1/20:2)+HCO2,606.5102,560.50471,530.4942,332.2959,235.2065,306.2802
Cer(d16:1/20:3)+HCO2,604.4946,558.48911,528.4786,330.2803,235.2065,304.2646
Cer(d16:1/20:4)+HCO2,602.4789,556.47341,526.4629,328.2646,235.2065,302.2489
Cer(d16:1/20:5)+HCO2,600.4633,554.45781,524.4473,326.249,235.2065,300.2333
Cer(d16:1/21:0)+HCO2,624.5572,578.55171,548.5412,350.3429,235.2065,324.3272
Cer(d16:1/22:0)+HCO2,638.5728,592.56731,562.5568,364.3585,235.2065,338.3428
Cer(d16:1/22:1)+HCO2,636.5572,590.55171,560.5412,362.3429,235.2065,336.3272
Cer(d16:1/22:2)+HCO2,634.5415,588.53601,558.5255,360.3272,235.2065,334.3115
Cer(d16:1/22:3)+HCO2,632.5259,586.52041,556.5099,358.3116,235.2065,332.2959
Cer(d16:1/22:4)+HCO2,630.5102,584.50471,554.4942,356.2959,235.2065,330.2802
Cer(d16:1/22:5)+HCO2,628.4946,582.48911,552.4786,354.2803,235.2065,328.2646
Cer(d16:1/22:6)+HCO2,626.4789,580.47341,550.4629,352.2646,235.2065,326.2489
Cer(d16:1/23:0)+HCO2,652.5885,606.58301,576.5725,378.3742,235.2065,352.3585
Cer(d16:1/24:0)+HCO2,666.6041,620.59861,590.5881,392.3898,235.2065,366.3741
Cer(d16:1/24:1)+HCO2,664.5885,618.58301,588.5725,390.3742,235.2065,364.3585
Cer(d16:1/25:0)+HCO2,680.6198,634.61431,604.6038,406.4055,235.2065,380.3898
Cer(d16:1/26:0)+HCO2,694.6354,648.62991,618.6194,420.4211,235.2065,394.4054
Cer(d16:1/8:0)+HCO2,442.3537,396.34821,366.3377,168.1394,235.2065,142.1237
Cer(d17:0/10:0)+HCO2,486.4163,440.41081,410.4003,196.1707,251.2378,170.155
Cer(d17:0/12:0)+HCO2,514.4476,468.44211,438.4316,224.202,251.2378,198.1863
Cer(d17:0/13:0)+HCO2,528.4633,482.45781,452.4473,238.2177,251.2378,212.202
Cer(d17:0/14:0)+HCO2,542.4789,496.47341,466.4629,252.2333,251.2378,226.2176
Cer(d17:0/14:1)+HCO2,540.4633,494.45781,464.4473,250.2177,251.2378,224.202
Cer(d17:0/15:0)+HCO2,556.4946,510.48911,480.4786,266.249,251.2378,240.2333
Cer(d17:0/15:1)+HCO2,554.4789,508.47341,478.4629,264.2333,251.2378,238.2176
Cer(d17:0/16:0)+HCO2,570.5102,524.50471,494.4942,280.2646,251.2378,254.2489
Cer(d17:0/16:1)+HCO2,568.4946,522.48911,492.4786,278.249,251.2378,252.2333
Cer(d17:0/17:0)+HCO2,584.5259,538.52041,508.5099,294.2803,251.2378,268.2646
Cer(d17:0/17:1)+HCO2,582.5102,536.50471,506.4942,292.2646,251.2378,266.2489
Cer(d17:0/17:2)+HCO2,580.4946,534.48911,504.4786,290.249,251.2378,264.2333
Cer(d17:0/18:0)+HCO2,598.5415,552.53601,522.5255,308.2959,251.2378,282.2802
Cer(d17:0/18:1)+HCO2,596.5259,550.52041,520.5099,306.2803,251.2378,280.2646
Cer(d17:0/18:2)+HCO2,594.5102,548.50471,518.4942,304.2646,251.2378,278.2489
Cer(d17:0/18:3)+HCO2,592.4946,546.48911,516.4786,302.249,251.2378,276.2333
Cer(d17:0/18:4)+HCO2,590.4789,544.47341,514.4629,300.2333,251.2378,274.2176
Cer(d17:0/19:0)+HCO2,612.5572,566.55171,536.5412,322.3116,251.2378,296.2959
Cer(d17:0/20:0)+HCO2,626.5728,580.56731,550.5568,336.3272,251.2378,310.3115
Cer(d17:0/20:1)+HCO2,624.5572,578.55171,548.5412,334.3116,251.2378,308.2959
Cer(d17:0/20:2)+HCO2,622.5415,576.53601,546.5255,332.2959,251.2378,306.2802
Cer(d17:0/20:3)+HCO2,620.5259,574.52041,544.5099,330.2803,251.2378,304.2646
Cer(d17:0/20:4)+HCO2,618.5102,572.50471,542.4942,328.2646,251.2378,302.2489
Cer(d17:0/20:5)+HCO2,616.4946,570.48911,540.4786,326.249,251.2378,300.2333
Cer(d17:0/21:0)+HCO2,640.5885,594.58301,564.5725,350.3429,251.2378,324.3272
Cer(d17:0/22:0)+HCO2,654.6041,608.59861,578.5881,364.3585,251.2378,338.3428
Cer(d17:0/22:1)+HCO2,652.5885,606.58301,576.5725,362.3429,251.2378,336.3272
Cer(d17:0/22:2)+HCO2,650.5728,604.56731,574.5568,360.3272,251.2378,334.3115
Cer(d17:0/22:3)+HCO2,648.5572,602.55171,572.5412,358.3116,251.2378,332.2959
Cer(d17:0/22:4)+HCO2,646.5415,600.53601,570.5255,356.2959,251.2378,330.2802
Cer(d17:0/22:5)+HCO2,644.5259,598.52041,568.5099,354.2803,251.2378,328.2646
Cer(d17:0/22:6)+HCO2,642.5102,596.50471,566.4942,352.2646,251.2378,326.2489
Cer(d17:0/23:0)+HCO2,668.6198,622.61431,592.6038,378.3742,251.2378,352.3585
Cer(d17:0/24:0)+HCO2,682.6354,636.62991,606.6194,392.3898,251.2378,366.3741
Cer(d17:0/24:1)+HCO2,680.6198,634.61431,604.6038,390.3742,251.2378,364.3585
Cer(d17:0/25:0)+HCO2,696.6511,650.64561,620.6351,406.4055,251.2378,380.3898
Cer(d17:0/26:0)+HCO2,710.6667,664.66121,634.6507,420.4211,251.2378,394.4054
Cer(d17:0/8:0)+HCO2,458.385,412.37951,382.369,168.1394,251.2378,142.1237
Cer(d17:1/10:0)+HCO2,484.4006,438.39511,408.3846,196.1707,249.2221,170.155
Cer(d17:1/12:0)+HCO2,512.4319,466.42641,436.4159,224.202,249.2221,198.1863
Cer(d17:1/13:0)+HCO2,526.4476,480.44211,450.4316,238.2177,249.2221,212.202
Cer(d17:1/14:0)+HCO2,540.4632,494.45771,464.4472,252.2333,249.2221,226.2176
Cer(d17:1/14:1)+HCO2,538.4476,492.44211,462.4316,250.2177,249.2221,224.202
Cer(d17:1/15:0)+HCO2,554.4789,508.47341,478.4629,266.249,249.2221,240.2333
Cer(d17:1/15:1)+HCO2,552.4632,506.45771,476.4472,264.2333,249.2221,238.2176
Cer(d17:1/16:0)+HCO2,568.4945,522.48901,492.4785,280.2646,249.2221,254.2489
Cer(d17:1/16:1)+HCO2,566.4789,520.47341,490.4629,278.249,249.2221,252.2333
Cer(d17:1/17:0)+HCO2,582.5102,536.50471,506.4942,294.2803,249.2221,268.2646
Cer(d17:1/17:1)+HCO2,580.4945,534.48901,504.4785,292.2646,249.2221,266.2489
Cer(d17:1/17:2)+HCO2,578.4789,532.47341,502.4629,290.249,249.2221,264.2333
Cer(d17:1/18:0)+HCO2,596.5258,550.52031,520.5098,308.2959,249.2221,282.2802
Cer(d17:1/18:1)+HCO2,594.5102,548.50471,518.4942,306.2803,249.2221,280.2646
Cer(d17:1/18:2)+HCO2,592.4945,546.48901,516.4785,304.2646,249.2221,278.2489
Cer(d17:1/18:3)+HCO2,590.4789,544.47341,514.4629,302.249,249.2221,276.2333
Cer(d17:1/18:4)+HCO2,588.4632,542.45771,512.4472,300.2333,249.2221,274.2176
Cer(d17:1/19:0)+HCO2,610.5415,564.53601,534.5255,322.3116,249.2221,296.2959
Cer(d17:1/20:0)+HCO2,624.5571,578.55161,548.5411,336.3272,249.2221,310.3115
Cer(d17:1/20:1)+HCO2,622.5415,576.53601,546.5255,334.3116,249.2221,308.2959
Cer(d17:1/20:2)+HCO2,620.5258,574.52031,544.5098,332.2959,249.2221,306.2802
Cer(d17:1/20:3)+HCO2,618.5102,572.50471,542.4942,330.2803,249.2221,304.2646
Cer(d17:1/20:4)+HCO2,616.4945,570.48901,540.4785,328.2646,249.2221,302.2489
Cer(d17:1/20:5)+HCO2,614.4789,568.47341,538.4629,326.249,249.2221,300.2333
Cer(d17:1/21:0)+HCO2,638.5728,592.56731,562.5568,350.3429,249.2221,324.3272
Cer(d17:1/22:0)+HCO2,652.5884,606.58291,576.5724,364.3585,249.2221,338.3428
Cer(d17:1/22:1)+HCO2,650.5728,604.56731,574.5568,362.3429,249.2221,336.3272
Cer(d17:1/22:2)+HCO2,648.5571,602.55161,572.5411,360.3272,249.2221,334.3115
Cer(d17:1/22:3)+HCO2,646.5415,600.53601,570.5255,358.3116,249.2221,332.2959
Cer(d17:1/22:4)+HCO2,644.5258,598.52031,568.5098,356.2959,249.2221,330.2802
Cer(d17:1/22:5)+HCO2,642.5102,596.50471,566.4942,354.2803,249.2221,328.2646
Cer(d17:1/22:6)+HCO2,640.4945,594.48901,564.4785,352.2646,249.2221,326.2489
Cer(d17:1/23:0)+HCO2,666.6041,620.59861,590.5881,378.3742,249.2221,352.3585
Cer(d17:1/24:0)+HCO2,680.6197,634.61421,604.6037,392.3898,249.2221,366.3741
Cer(d17:1/24:1)+HCO2,678.6041,632.59861,602.5881,390.3742,249.2221,364.3585
Cer(d17:1/25:0)+HCO2,694.6354,648.62991,618.6194,406.4055,249.2221,380.3898
Cer(d17:1/26:0)+HCO2,708.651,662.64551,632.635,420.4211,249.2221,394.4054
Cer(d17:1/8:0)+HCO2,456.3693,410.36381,380.3533,168.1394,249.2221,142.1237
Cer(d17:2/10:0)+HCO2,482.385,436.37951,406.369,196.1707,247.2065,170.155
Cer(d17:2/12:0)+HCO2,510.4163,464.41081,434.4003,224.202,247.2065,198.1863
Cer(d17:2/13:0)+HCO2,524.432,478.42651,448.416,238.2177,247.2065,212.202
Cer(d17:2/14:0)+HCO2,538.4476,492.44211,462.4316,252.2333,247.2065,226.2176
Cer(d17:2/14:1)+HCO2,536.432,490.42651,460.416,250.2177,247.2065,224.202
Cer(d17:2/15:0)+HCO2,552.4633,506.45781,476.4473,266.249,247.2065,240.2333
Cer(d17:2/15:1)+HCO2,550.4476,504.44211,474.4316,264.2333,247.2065,238.2176
Cer(d17:2/16:0)+HCO2,566.4789,520.47341,490.4629,280.2646,247.2065,254.2489
Cer(d17:2/16:1)+HCO2,564.4633,518.45781,488.4473,278.249,247.2065,252.2333
Cer(d17:2/17:0)+HCO2,580.4946,534.48911,504.4786,294.2803,247.2065,268.2646
Cer(d17:2/17:1)+HCO2,578.4789,532.47341,502.4629,292.2646,247.2065,266.2489
Cer(d17:2/17:2)+HCO2,576.4633,530.45781,500.4473,290.249,247.2065,264.2333
Cer(d17:2/18:0)+HCO2,594.5102,548.50471,518.4942,308.2959,247.2065,282.2802
Cer(d17:2/18:1)+HCO2,592.4946,546.48911,516.4786,306.2803,247.2065,280.2646
Cer(d17:2/18:2)+HCO2,590.4789,544.47341,514.4629,304.2646,247.2065,278.2489
Cer(d17:2/18:3)+HCO2,588.4633,542.45781,512.4473,302.249,247.2065,276.2333
Cer(d17:2/18:4)+HCO2,586.4476,540.44211,510.4316,300.2333,247.2065,274.2176
Cer(d17:2/19:0)+HCO2,608.5259,562.52041,532.5099,322.3116,247.2065,296.2959
Cer(d17:2/20:0)+HCO2,622.5415,576.53601,546.5255,336.3272,247.2065,310.3115
Cer(d17:2/20:1)+HCO2,620.5259,574.52041,544.5099,334.3116,247.2065,308.2959
Cer(d17:2/20:2)+HCO2,618.5102,572.50471,542.4942,332.2959,247.2065,306.2802
Cer(d17:2/20:3)+HCO2,616.4946,570.48911,540.4786,330.2803,247.2065,304.2646
Cer(d17:2/20:4)+HCO2,614.4789,568.47341,538.4629,328.2646,247.2065,302.2489
Cer(d17:2/20:5)+HCO2,612.4633,566.45781,536.4473,326.249,247.2065,300.2333
Cer(d17:2/21:0)+HCO2,636.5572,590.55171,560.5412,350.3429,247.2065,324.3272
Cer(d17:2/22:0)+HCO2,650.5728,604.56731,574.5568,364.3585,247.2065,338.3428
Cer(d17:2/22:1)+HCO2,648.5572,602.55171,572.5412,362.3429,247.2065,336.3272
Cer(d17:2/22:2)+HCO2,646.5415,600.53601,570.5255,360.3272,247.2065,334.3115
Cer(d17:2/22:3)+HCO2,644.5259,598.52041,568.5099,358.3116,247.2065,332.2959
Cer(d17:2/22:4)+HCO2,642.5102,596.50471,566.4942,356.2959,247.2065,330.2802
Cer(d17:2/22:5)+HCO2,640.4946,594.48911,564.4786,354.2803,247.2065,328.2646
Cer(d17:2/22:6)+HCO2,638.4789,592.47341,562.4629,352.2646,247.2065,326.2489
Cer(d17:2/23:0)+HCO2,664.5885,618.58301,588.5725,378.3742,247.2065,352.3585
Cer(d17:2/24:0)+HCO2,678.6041,632.59861,602.5881,392.3898,247.2065,366.3741
Cer(d17:2/24:1)+HCO2,676.5885,630.58301,600.5725,390.3742,247.2065,364.3585
Cer(d17:2/25:0)+HCO2,692.6198,646.61431,616.6038,406.4055,247.2065,380.3898
Cer(d17:2/26:0)+HCO2,706.6354,660.62991,630.6194,420.4211,247.2065,394.4054
Cer(d17:2/8:0)+HCO2,454.3537,408.34821,378.3377,168.1394,247.2065,142.1237
Cer(d18:0/10:0)+HCO2,500.4319,454.42641,424.4159,196.1707,265.2534,170.155
Cer(d18:0/12:0)+HCO2,528.4632,482.45771,452.4472,224.202,265.2534,198.1863
Cer(d18:0/13:0)+HCO2,542.4789,496.47341,466.4629,238.2177,265.2534,212.202
Cer(d18:0/14:0)+HCO2,556.4945,510.48901,480.4785,252.2333,265.2534,226.2176
Cer(d18:0/14:1)+HCO2,554.4789,508.47341,478.4629,250.2177,265.2534,224.202
Cer(d18:0/15:0)+HCO2,570.5102,524.50471,494.4942,266.249,265.2534,240.2333
Cer(d18:0/15:1)+HCO2,568.4945,522.48901,492.4785,264.2333,265.2534,238.2176
Cer(d18:0/16:0)+HCO2,584.5258,538.52031,508.5098,280.2646,265.2534,254.2489
Cer(d18:0/16:1)+HCO2,582.5102,536.50471,506.4942,278.249,265.2534,252.2333
Cer(d18:0/17:0)+HCO2,598.5415,552.53601,522.5255,294.2803,265.2534,268.2646
Cer(d18:0/17:1)+HCO2,596.5258,550.52031,520.5098,292.2646,265.2534,266.2489
Cer(d18:0/17:2)+HCO2,594.5102,548.50471,518.4942,290.249,265.2534,264.2333
Cer(d18:0/18:0)+HCO2,612.5571,566.55161,536.5411,308.2959,265.2534,282.2802
Cer(d18:0/18:1)+HCO2,610.5415,564.53601,534.5255,306.2803,265.2534,280.2646
Cer(d18:0/18:2)+HCO2,608.5258,562.52031,532.5098,304.2646,265.2534,278.2489
Cer(d18:0/18:3)+HCO2,606.5102,560.50471,530.4942,302.249,265.2534,276.2333
Cer(d18:0/18:4)+HCO2,604.4945,558.48901,528.4785,300.2333,265.2534,274.2176
Cer(d18:0/19:0)+HCO2,626.5728,580.56731,550.5568,322.3116,265.2534,296.2959
Cer(d18:0/20:0)+HCO2,640.5884,594.58291,564.5724,336.3272,265.2534,310.3115
Cer(d18:0/20:1)+HCO2,638.5728,592.56731,562.5568,334.3116,265.2534,308.2959
Cer(d18:0/20:2)+HCO2,636.5571,590.55161,560.5411,332.2959,265.2534,306.2802
Cer(d18:0/20:3)+HCO2,634.5415,588.53601,558.5255,330.2803,265.2534,304.2646
Cer(d18:0/20:4)+HCO2,632.5258,586.52031,556.5098,328.2646,265.2534,302.2489
Cer(d18:0/20:5)+HCO2,630.5102,584.50471,554.4942,326.249,265.2534,300.2333
Cer(d18:0/21:0)+HCO2,654.6041,608.59861,578.5881,350.3429,265.2534,324.3272
Cer(d18:0/22:0)+HCO2,668.6197,622.61421,592.6037,364.3585,265.2534,338.3428
Cer(d18:0/22:1)+HCO2,666.6041,620.59861,590.5881,362.3429,265.2534,336.3272
Cer(d18:0/22:2)+HCO2,664.5884,618.58291,588.5724,360.3272,265.2534,334.3115
Cer(d18:0/22:3)+HCO2,662.5728,616.56731,586.5568,358.3116,265.2534,332.2959
Cer(d18:0/22:4)+HCO2,660.5571,614.55161,584.5411,356.2959,265.2534,330.2802
Cer(d18:0/22:5)+HCO2,658.5415,612.53601,582.5255,354.2803,265.2534,328.2646
Cer(d18:0/22:6)+HCO2,656.5258,610.52031,580.5098,352.2646,265.2534,326.2489
Cer(d18:0/23:0)+HCO2,682.6354,636.62991,606.6194,378.3742,265.2534,352.3585
Cer(d18:0/24:0)+HCO2,696.651,650.64551,620.635,392.3898,265.2534,366.3741
Cer(d18:0/24:1)+HCO2,694.6354,648.62991,618.6194,390.3742,265.2534,364.3585
Cer(d18:0/25:0)+HCO2,710.6667,664.66121,634.6507,406.4055,265.2534,380.3898
Cer(d18:0/26:0)+HCO2,724.6823,678.67681,648.6663,420.4211,265.2534,394.4054
Cer(d18:0/8:0)+HCO2,472.4006,426.39511,396.3846,168.1394,265.2534,142.1237
Cer(d18:1/10:0)+HCO2,498.4163,452.41081,422.4003,196.1707,263.2378,170.155
Cer(d18:1/12:0)+HCO2,526.4476,480.44211,450.4316,224.202,263.2378,198.1863
Cer(d18:1/13:0)+HCO2,540.4633,494.45781,464.4473,238.2177,263.2378,212.202
Cer(d18:1/14:0)+HCO2,554.4789,508.47341,478.4629,252.2333,263.2378,226.2176
Cer(d18:1/14:1)+HCO2,552.4633,506.45781,476.4473,250.2177,263.2378,224.202
Cer(d18:1/15:0)+HCO2,568.4946,522.48911,492.4786,266.249,263.2378,240.2333
Cer(d18:1/15:1)+HCO2,566.4789,520.47341,490.4629,264.2333,263.2378,238.2176
Cer(d18:1/16:0)+HCO2,582.5102,536.50471,506.4942,280.2646,263.2378,254.2489
Cer(d18:1/16:1)+HCO2,580.4946,534.48911,504.4786,278.249,263.2378,252.2333
Cer(d18:1/17:0)+HCO2,596.5259,550.52041,520.5099,294.2803,263.2378,268.2646
Cer(d18:1/17:1)+HCO2,594.5102,548.50471,518.4942,292.2646,263.2378,266.2489
Cer(d18:1/17:2)+HCO2,592.4946,546.48911,516.4786,290.249,263.2378,264.2333
Cer(d18:1/18:0)+HCO2,610.5415,564.53601,534.5255,308.2959,263.2378,282.2802
Cer(d18:1/18:1)+HCO2,608.5259,562.52041,532.5099,306.2803,263.2378,280.2646
Cer(d18:1/18:2)+HCO2,606.5102,560.50471,530.4942,304.2646,263.2378,278.2489
Cer(d18:1/18:3)+HCO2,604.4946,558.48911,528.4786,302.249,263.2378,276.2333
Cer(d18:1/18:4)+HCO2,602.4789,556.47341,526.4629,300.2333,263.2378,274.2176
Cer(d18:1/19:0)+HCO2,624.5572,578.55171,548.5412,322.3116,263.2378,296.2959
Cer(d18:1/20:0)+HCO2,638.5728,592.56731,562.5568,336.3272,263.2378,310.3115
Cer(d18:1/20:1)+HCO2,636.5572,590.55171,560.5412,334.3116,263.2378,308.2959
Cer(d18:1/20:2)+HCO2,634.5415,588.53601,558.5255,332.2959,263.2378,306.2802
Cer(d18:1/20:3)+HCO2,632.5259,586.52041,556.5099,330.2803,263.2378,304.2646
Cer(d18:1/20:4)+HCO2,630.5102,584.50471,554.4942,328.2646,263.2378,302.2489
Cer(d18:1/20:5)+HCO2,628.4946,582.48911,552.4786,326.249,263.2378,300.2333
Cer(d18:1/21:0)+HCO2,652.5885,606.58301,576.5725,350.3429,263.2378,324.3272
Cer(d18:1/22:0)+HCO2,666.6041,620.59861,590.5881,364.3585,263.2378,338.3428
Cer(d18:1/22:1)+HCO2,664.5885,618.58301,588.5725,362.3429,263.2378,336.3272
Cer(d18:1/22:2)+HCO2,662.5728,616.56731,586.5568,360.3272,263.2378,334.3115
Cer(d18:1/22:3)+HCO2,660.5572,614.55171,584.5412,358.3116,263.2378,332.2959
Cer(d18:1/22:4)+HCO2,658.5415,612.53601,582.5255,356.2959,263.2378,330.2802
Cer(d18:1/22:5)+HCO2,656.5259,610.52041,580.5099,354.2803,263.2378,328.2646
Cer(d18:1/22:6)+HCO2,654.5102,608.50471,578.4942,352.2646,263.2378,326.2489
Cer(d18:1/23:0)+HCO2,680.6198,634.61431,604.6038,378.3742,263.2378,352.3585
Cer(d18:1/24:0)+HCO2,694.6354,648.62991,618.6194,392.3898,263.2378,366.3741
Cer(d18:1/24:1)+HCO2,692.6198,646.61431,616.6038,390.3742,263.2378,364.3585
Cer(d18:1/25:0)+HCO2,708.6511,662.64561,632.6351,406.4055,263.2378,380.3898
Cer(d18:1/26:0)+HCO2,722.6667,676.66121,646.6507,420.4211,263.2378,394.4054
Cer(d18:1/8:0)+HCO2,470.385,424.37951,394.369,168.1394,263.2378,142.1237
Cer(d18:2/10:0)+HCO2,496.4006,450.39511,420.3846,196.1707,261.2221,170.155
Cer(d18:2/12:0)+HCO2,524.4319,478.42641,448.4159,224.202,261.2221,198.1863
Cer(d18:2/13:0)+HCO2,538.4476,492.44211,462.4316,238.2177,261.2221,212.202
Cer(d18:2/14:0)+HCO2,552.4632,506.45771,476.4472,252.2333,261.2221,226.2176
Cer(d18:2/14:1)+HCO2,550.4476,504.44211,474.4316,250.2177,261.2221,224.202
Cer(d18:2/15:0)+HCO2,566.4789,520.47341,490.4629,266.249,261.2221,240.2333
Cer(d18:2/15:1)+HCO2,564.4632,518.45771,488.4472,264.2333,261.2221,238.2176
Cer(d18:2/16:0)+HCO2,580.4945,534.48901,504.4785,280.2646,261.2221,254.2489
Cer(d18:2/16:1)+HCO2,578.4789,532.47341,502.4629,278.249,261.2221,252.2333
Cer(d18:2/17:0)+HCO2,594.5102,548.50471,518.4942,294.2803,261.2221,268.2646
Cer(d18:2/17:1)+HCO2,592.4945,546.48901,516.4785,292.2646,261.2221,266.2489
Cer(d18:2/17:2)+HCO2,590.4789,544.47341,514.4629,290.249,261.2221,264.2333
Cer(d18:2/18:0)+HCO2,608.5258,562.52031,532.5098,308.2959,261.2221,282.2802
Cer(d18:2/18:1)+HCO2,606.5102,560.50471,530.4942,306.2803,261.2221,280.2646
Cer(d18:2/18:2)+HCO2,604.4945,558.48901,528.4785,304.2646,261.2221,278.2489
Cer(d18:2/18:3)+HCO2,602.4789,556.47341,526.4629,302.249,261.2221,276.2333
Cer(d18:2/18:4)+HCO2,600.4632,554.45771,524.4472,300.2333,261.2221,274.2176
Cer(d18:2/19:0)+HCO2,622.5415,576.53601,546.5255,322.3116,261.2221,296.2959
Cer(d18:2/20:0)+HCO2,636.5571,590.55161,560.5411,336.3272,261.2221,310.3115
Cer(d18:2/20:1)+HCO2,634.5415,588.53601,558.5255,334.3116,261.2221,308.2959
Cer(d18:2/20:2)+HCO2,632.5258,586.52031,556.5098,332.2959,261.2221,306.2802
Cer(d18:2/20:3)+HCO2,630.5102,584.50471,554.4942,330.2803,261.2221,304.2646
Cer(d18:2/20:4)+HCO2,628.4945,582.48901,552.4785,328.2646,261.2221,302.2489
Cer(d18:2/20:5)+HCO2,626.4789,580.47341,550.4629,326.249,261.2221,300.2333
Cer(d18:2/21:0)+HCO2,650.5728,604.56731,574.5568,350.3429,261.2221,324.3272
Cer(d18:2/22:0)+HCO2,664.5884,618.58291,588.5724,364.3585,261.2221,338.3428
Cer(d18:2/22:1)+HCO2,662.5728,616.56731,586.5568,362.3429,261.2221,336.3272
Cer(d18:2/22:2)+HCO2,660.5571,614.55161,584.5411,360.3272,261.2221,334.3115
Cer(d18:2/22:3)+HCO2,658.5415,612.53601,582.5255,358.3116,261.2221,332.2959
Cer(d18:2/22:4)+HCO2,656.5258,610.52031,580.5098,356.2959,261.2221,330.2802
Cer(d18:2/22:5)+HCO2,654.5102,608.50471,578.4942,354.2803,261.2221,328.2646
Cer(d18:2/22:6)+HCO2,652.4945,606.48901,576.4785,352.2646,261.2221,326.2489
Cer(d18:2/23:0)+HCO2,678.6041,632.59861,602.5881,378.3742,261.2221,352.3585
Cer(d18:2/24:0)+HCO2,692.6197,646.61421,616.6037,392.3898,261.2221,366.3741
Cer(d18:2/24:1)+HCO2,690.6041,644.59861,614.5881,390.3742,261.2221,364.3585
Cer(d18:2/25:0)+HCO2,706.6354,660.62991,630.6194,406.4055,261.2221,380.3898
Cer(d18:2/26:0)+HCO2,720.651,674.64551,644.635,420.4211,261.2221,394.4054
Cer(d18:2/8:0)+HCO2,468.3693,422.36381,392.3533,168.1394,261.2221,142.1237
Cer(d18:3/10:0)+HCO2,494.385,448.37951,418.369,196.1707,259.2065,170.155
Cer(d18:3/12:0)+HCO2,522.4163,476.41081,446.4003,224.202,259.2065,198.1863
Cer(d18:3/13:0)+HCO2,536.432,490.42651,460.416,238.2177,259.2065,212.202
Cer(d18:3/14:0)+HCO2,550.4476,504.44211,474.4316,252.2333,259.2065,226.2176
Cer(d18:3/14:1)+HCO2,548.432,502.42651,472.416,250.2177,259.2065,224.202
Cer(d18:3/15:0)+HCO2,564.4633,518.45781,488.4473,266.249,259.2065,240.2333
Cer(d18:3/15:1)+HCO2,562.4476,516.44211,486.4316,264.2333,259.2065,238.2176
Cer(d18:3/16:0)+HCO2,578.4789,532.47341,502.4629,280.2646,259.2065,254.2489
Cer(d18:3/16:1)+HCO2,576.4633,530.45781,500.4473,278.249,259.2065,252.2333
Cer(d18:3/17:0)+HCO2,592.4946,546.48911,516.4786,294.2803,259.2065,268.2646
Cer(d18:3/17:1)+HCO2,590.4789,544.47341,514.4629,292.2646,259.2065,266.2489
Cer(d18:3/17:2)+HCO2,588.4633,542.45781,512.4473,290.249,259.2065,264.2333
Cer(d18:3/18:0)+HCO2,606.5102,560.50471,530.4942,308.2959,259.2065,282.2802
Cer(d18:3/18:1)+HCO2,604.4946,558.48911,528.4786,306.2803,259.2065,280.2646
Cer(d18:3/18:2)+HCO2,602.4789,556.47341,526.4629,304.2646,259.2065,278.2489
Cer(d18:3/18:3)+HCO2,600.4633,554.45781,524.4473,302.249,259.2065,276.2333
Cer(d18:3/18:4)+HCO2,598.4476,552.44211,522.4316,300.2333,259.2065,274.2176
Cer(d18:3/19:0)+HCO2,620.5259,574.52041,544.5099,322.3116,259.2065,296.2959
Cer(d18:3/20:0)+HCO2,634.5415,588.53601,558.5255,336.3272,259.2065,310.3115
Cer(d18:3/20:1)+HCO2,632.5259,586.52041,556.5099,334.3116,259.2065,308.2959
Cer(d18:3/20:2)+HCO2,630.5102,584.50471,554.4942,332.2959,259.2065,306.2802
Cer(d18:3/20:3)+HCO2,628.4946,582.48911,552.4786,330.2803,259.2065,304.2646
Cer(d18:3/20:4)+HCO2,626.4789,580.47341,550.4629,328.2646,259.2065,302.2489
Cer(d18:3/20:5)+HCO2,624.4633,578.45781,548.4473,326.249,259.2065,300.2333
Cer(d18:3/21:0)+HCO2,648.5572,602.55171,572.5412,350.3429,259.2065,324.3272
Cer(d18:3/22:0)+HCO2,662.5728,616.56731,586.5568,364.3585,259.2065,338.3428
Cer(d18:3/22:1)+HCO2,660.5572,614.55171,584.5412,362.3429,259.2065,336.3272
Cer(d18:3/22:2)+HCO2,658.5415,612.53601,582.5255,360.3272,259.2065,334.3115
Cer(d18:3/22:3)+HCO2,656.5259,610.52041,580.5099,358.3116,259.2065,332.2959
Cer(d18:3/22:4)+HCO2,654.5102,608.50471,578.4942,356.2959,259.2065,330.2802
Cer(d18:3/22:5)+HCO2,652.4946,606.48911,576.4786,354.2803,259.2065,328.2646
Cer(d18:3/22:6)+HCO2,650.4789,604.47341,574.4629,352.2646,259.2065,326.2489
Cer(d18:3/23:0)+HCO2,676.5885,630.58301,600.5725,378.3742,259.2065,352.3585
Cer(d18:3/24:0)+HCO2,690.6041,644.59861,614.5881,392.3898,259.2065,366.3741
Cer(d18:3/24:1)+HCO2,688.5885,642.58301,612.5725,390.3742,259.2065,364.3585
Cer(d18:3/25:0)+HCO2,704.6198,658.61431,628.6038,406.4055,259.2065,380.3898
Cer(d18:3/26:0)+HCO2,718.6354,672.62991,642.6194,420.4211,259.2065,394.4054
Cer(d18:3/8:0)+HCO2,466.3537,420.34821,390.3377,168.1394,259.2065,142.1237
Cer(d18:4/10:0)+HCO2,492.3693,446.36381,416.3533,196.1707,257.1908,170.155
Cer(d18:4/12:0)+HCO2,520.4006,474.39511,444.3846,224.202,257.1908,198.1863
Cer(d18:4/13:0)+HCO2,534.4163,488.41081,458.4003,238.2177,257.1908,212.202
Cer(d18:4/14:0)+HCO2,548.4319,502.42641,472.4159,252.2333,257.1908,226.2176
Cer(d18:4/14:1)+HCO2,546.4163,500.41081,470.4003,250.2177,257.1908,224.202
Cer(d18:4/15:0)+HCO2,562.4476,516.44211,486.4316,266.249,257.1908,240.2333
Cer(d18:4/15:1)+HCO2,560.4319,514.42641,484.4159,264.2333,257.1908,238.2176
Cer(d18:4/16:0)+HCO2,576.4632,530.45771,500.4472,280.2646,257.1908,254.2489
Cer(d18:4/16:1)+HCO2,574.4476,528.44211,498.4316,278.249,257.1908,252.2333
Cer(d18:4/17:0)+HCO2,590.4789,544.47341,514.4629,294.2803,257.1908,268.2646
Cer(d18:4/17:1)+HCO2,588.4632,542.45771,512.4472,292.2646,257.1908,266.2489
Cer(d18:4/17:2)+HCO2,586.4476,540.44211,510.4316,290.249,257.1908,264.2333
Cer(d18:4/18:0)+HCO2,604.4945,558.48901,528.4785,308.2959,257.1908,282.2802
Cer(d18:4/18:1)+HCO2,602.4789,556.47341,526.4629,306.2803,257.1908,280.2646
Cer(d18:4/18:2)+HCO2,600.4632,554.45771,524.4472,304.2646,257.1908,278.2489
Cer(d18:4/18:3)+HCO2,598.4476,552.44211,522.4316,302.249,257.1908,276.2333
Cer(d18:4/18:4)+HCO2,596.4319,550.42641,520.4159,300.2333,257.1908,274.2176
Cer(d18:4/19:0)+HCO2,618.5102,572.50471,542.4942,322.3116,257.1908,296.2959
Cer(d18:4/20:0)+HCO2,632.5258,586.52031,556.5098,336.3272,257.1908,310.3115
Cer(d18:4/20:1)+HCO2,630.5102,584.50471,554.4942,334.3116,257.1908,308.2959
Cer(d18:4/20:2)+HCO2,628.4945,582.48901,552.4785,332.2959,257.1908,306.2802
Cer(d18:4/20:3)+HCO2,626.4789,580.47341,550.4629,330.2803,257.1908,304.2646
Cer(d18:4/20:4)+HCO2,624.4632,578.45771,548.4472,328.2646,257.1908,302.2489
Cer(d18:4/20:5)+HCO2,622.4476,576.44211,546.4316,326.249,257.1908,300.2333
Cer(d18:4/21:0)+HCO2,646.5415,600.53601,570.5255,350.3429,257.1908,324.3272
Cer(d18:4/22:0)+HCO2,660.5571,614.55161,584.5411,364.3585,257.1908,338.3428
Cer(d18:4/22:1)+HCO2,658.5415,612.53601,582.5255,362.3429,257.1908,336.3272
Cer(d18:4/22:2)+HCO2,656.5258,610.52031,580.5098,360.3272,257.1908,334.3115
Cer(d18:4/22:3)+HCO2,654.5102,608.50471,578.4942,358.3116,257.1908,332.2959
Cer(d18:4/22:4)+HCO2,652.4945,606.48901,576.4785,356.2959,257.1908,330.2802
Cer(d18:4/22:5)+HCO2,650.4789,604.47341,574.4629,354.2803,257.1908,328.2646
Cer(d18:4/22:6)+HCO2,648.4632,602.45771,572.4472,352.2646,257.1908,326.2489
Cer(d18:4/23:0)+HCO2,674.5728,628.56731,598.5568,378.3742,257.1908,352.3585
Cer(d18:4/24:0)+HCO2,688.5884,642.58291,612.5724,392.3898,257.1908,366.3741
Cer(d18:4/24:1)+HCO2,686.5728,640.56731,610.5568,390.3742,257.1908,364.3585
Cer(d18:4/25:0)+HCO2,702.6041,656.59861,626.5881,406.4055,257.1908,380.3898
Cer(d18:4/26:0)+HCO2,716.6197,670.61421,640.6037,420.4211,257.1908,394.4054
Cer(d18:4/8:0)+HCO2,464.338,418.33251,388.322,168.1394,257.1908,142.1237
Cer(d19:0/10:0)+HCO2,514.4476,468.44211,438.4316,196.1707,279.2691,170.155
Cer(d19:0/12:0)+HCO2,542.4789,496.47341,466.4629,224.202,279.2691,198.1863
Cer(d19:0/13:0)+HCO2,556.4946,510.48911,480.4786,238.2177,279.2691,212.202
Cer(d19:0/14:0)+HCO2,570.5102,524.50471,494.4942,252.2333,279.2691,226.2176
Cer(d19:0/14:1)+HCO2,568.4946,522.48911,492.4786,250.2177,279.2691,224.202
Cer(d19:0/15:0)+HCO2,584.5259,538.52041,508.5099,266.249,279.2691,240.2333
Cer(d19:0/15:1)+HCO2,582.5102,536.50471,506.4942,264.2333,279.2691,238.2176
Cer(d19:0/16:0)+HCO2,598.5415,552.53601,522.5255,280.2646,279.2691,254.2489
Cer(d19:0/16:1)+HCO2,596.5259,550.52041,520.5099,278.249,279.2691,252.2333
Cer(d19:0/17:0)+HCO2,612.5572,566.55171,536.5412,294.2803,279.2691,268.2646
Cer(d19:0/17:1)+HCO2,610.5415,564.53601,534.5255,292.2646,279.2691,266.2489
Cer(d19:0/17:2)+HCO2,608.5259,562.52041,532.5099,290.249,279.2691,264.2333
Cer(d19:0/18:0)+HCO2,626.5728,580.56731,550.5568,308.2959,279.2691,282.2802
Cer(d19:0/18:1)+HCO2,624.5572,578.55171,548.5412,306.2803,279.2691,280.2646
Cer(d19:0/18:2)+HCO2,622.5415,576.53601,546.5255,304.2646,279.2691,278.2489
Cer(d19:0/18:3)+HCO2,620.5259,574.52041,544.5099,302.249,279.2691,276.2333
Cer(d19:0/18:4)+HCO2,618.5102,572.50471,542.4942,300.2333,279.2691,274.2176
Cer(d19:0/19:0)+HCO2,640.5885,594.58301,564.5725,322.3116,279.2691,296.2959
Cer(d19:0/20:0)+HCO2,654.6041,608.59861,578.5881,336.3272,279.2691,310.3115
Cer(d19:0/20:1)+HCO2,652.5885,606.58301,576.5725,334.3116,279.2691,308.2959
Cer(d19:0/20:2)+HCO2,650.5728,604.56731,574.5568,332.2959,279.2691,306.2802
Cer(d19:0/20:3)+HCO2,648.5572,602.55171,572.5412,330.2803,279.2691,304.2646
Cer(d19:0/20:4)+HCO2,646.5415,600.53601,570.5255,328.2646,279.2691,302.2489
Cer(d19:0/20:5)+HCO2,644.5259,598.52041,568.5099,326.249,279.2691,300.2333
Cer(d19:0/21:0)+HCO2,668.6198,622.61431,592.6038,350.3429,279.2691,324.3272
Cer(d19:0/22:0)+HCO2,682.6354,636.62991,606.6194,364.3585,279.2691,338.3428
Cer(d19:0/22:1)+HCO2,680.6198,634.61431,604.6038,362.3429,279.2691,336.3272
Cer(d19:0/22:2)+HCO2,678.6041,632.59861,602.5881,360.3272,279.2691,334.3115
Cer(d19:0/22:3)+HCO2,676.5885,630.58301,600.5725,358.3116,279.2691,332.2959
Cer(d19:0/22:4)+HCO2,674.5728,628.56731,598.5568,356.2959,279.2691,330.2802
Cer(d19:0/22:5)+HCO2,672.5572,626.55171,596.5412,354.2803,279.2691,328.2646
Cer(d19:0/22:6)+HCO2,670.5415,624.53601,594.5255,352.2646,279.2691,326.2489
Cer(d19:0/23:0)+HCO2,696.6511,650.64561,620.6351,378.3742,279.2691,352.3585
Cer(d19:0/24:0)+HCO2,710.6667,664.66121,634.6507,392.3898,279.2691,366.3741
Cer(d19:0/24:1)+HCO2,708.6511,662.64561,632.6351,390.3742,279.2691,364.3585
Cer(d19:0/25:0)+HCO2,724.6824,678.67691,648.6664,406.4055,279.2691,380.3898
Cer(d19:0/26:0)+HCO2,738.698,692.69251,662.682,420.4211,279.2691,394.4054
Cer(d19:0/8:0)+HCO2,486.4163,440.41081,410.4003,168.1394,279.2691,142.1237
Cer(d20:0/10:0)+HCO2,528.4632,482.45771,452.4472,196.1707,293.2847,170.155
Cer(d20:0/12:0)+HCO2,556.4945,510.48901,480.4785,224.202,293.2847,198.1863
Cer(d20:0/13:0)+HCO2,570.5102,524.50471,494.4942,238.2177,293.2847,212.202
Cer(d20:0/14:0)+HCO2,584.5258,538.52031,508.5098,252.2333,293.2847,226.2176
Cer(d20:0/14:1)+HCO2,582.5102,536.50471,506.4942,250.2177,293.2847,224.202
Cer(d20:0/15:0)+HCO2,598.5415,552.53601,522.5255,266.249,293.2847,240.2333
Cer(d20:0/15:1)+HCO2,596.5258,550.52031,520.5098,264.2333,293.2847,238.2176
Cer(d20:0/16:0)+HCO2,612.5571,566.55161,536.5411,280.2646,293.2847,254.2489
Cer(d20:0/16:1)+HCO2,610.5415,564.53601,534.5255,278.249,293.2847,252.2333
Cer(d20:0/17:0)+HCO2,626.5728,580.56731,550.5568,294.2803,293.2847,268.2646
Cer(d20:0/17:1)+HCO2,624.5571,578.55161,548.5411,292.2646,293.2847,266.2489
Cer(d20:0/17:2)+HCO2,622.5415,576.53601,546.5255,290.249,293.2847,264.2333
Cer(d20:0/18:0)+HCO2,640.5884,594.58291,564.5724,308.2959,293.2847,282.2802
Cer(d20:0/18:1)+HCO2,638.5728,592.56731,562.5568,306.2803,293.2847,280.2646
Cer(d20:0/18:2)+HCO2,636.5571,590.55161,560.5411,304.2646,293.2847,278.2489
Cer(d20:0/18:3)+HCO2,634.5415,588.53601,558.5255,302.249,293.2847,276.2333
Cer(d20:0/18:4)+HCO2,632.5258,586.52031,556.5098,300.2333,293.2847,274.2176
Cer(d20:0/19:0)+HCO2,654.6041,608.59861,578.5881,322.3116,293.2847,296.2959
Cer(d20:0/20:0)+HCO2,668.6197,622.61421,592.6037,336.3272,293.2847,310.3115
Cer(d20:0/20:1)+HCO2,666.6041,620.59861,590.5881,334.3116,293.2847,308.2959
Cer(d20:0/20:2)+HCO2,664.5884,618.58291,588.5724,332.2959,293.2847,306.2802
Cer(d20:0/20:3)+HCO2,662.5728,616.56731,586.5568,330.2803,293.2847,304.2646
Cer(d20:0/20:4)+HCO2,660.5571,614.55161,584.5411,328.2646,293.2847,302.2489
Cer(d20:0/20:5)+HCO2,658.5415,612.53601,582.5255,326.249,293.2847,300.2333
Cer(d20:0/21:0)+HCO2,682.6354,636.62991,606.6194,350.3429,293.2847,324.3272
Cer(d20:0/22:0)+HCO2,696.651,650.64551,620.635,364.3585,293.2847,338.3428
Cer(d20:0/22:1)+HCO2,694.6354,648.62991,618.6194,362.3429,293.2847,336.3272
Cer(d20:0/22:2)+HCO2,692.6197,646.61421,616.6037,360.3272,293.2847,334.3115
Cer(d20:0/22:3)+HCO2,690.6041,644.59861,614.5881,358.3116,293.2847,332.2959
Cer(d20:0/22:4)+HCO2,688.5884,642.58291,612.5724,356.2959,293.2847,330.2802
Cer(d20:0/22:5)+HCO2,686.5728,640.56731,610.5568,354.2803,293.2847,328.2646
Cer(d20:0/22:6)+HCO2,684.5571,638.55161,608.5411,352.2646,293.2847,326.2489
Cer(d20:0/23:0)+HCO2,710.6667,664.66121,634.6507,378.3742,293.2847,352.3585
Cer(d20:0/24:0)+HCO2,724.6823,678.67681,648.6663,392.3898,293.2847,366.3741
Cer(d20:0/24:1)+HCO2,722.6667,676.66121,646.6507,390.3742,293.2847,364.3585
Cer(d20:0/25:0)+HCO2,738.698,692.69251,662.682,406.4055,293.2847,380.3898
Cer(d20:0/26:0)+HCO2,752.7136,706.70811,676.6976,420.4211,293.2847,394.4054
Cer(d20:0/8:0)+HCO2,500.4319,454.42641,424.4159,168.1394,293.2847,142.1237
Cer(d20:1/10:0)+HCO2,526.4476,480.44211,450.4316,196.1707,291.2691,170.155
Cer(d20:1/12:0)+HCO2,554.4789,508.47341,478.4629,224.202,291.2691,198.1863
Cer(d20:1/13:0)+HCO2,568.4946,522.48911,492.4786,238.2177,291.2691,212.202
Cer(d20:1/14:0)+HCO2,582.5102,536.50471,506.4942,252.2333,291.2691,226.2176
Cer(d20:1/14:1)+HCO2,580.4946,534.48911,504.4786,250.2177,291.2691,224.202
Cer(d20:1/15:0)+HCO2,596.5259,550.52041,520.5099,266.249,291.2691,240.2333
Cer(d20:1/15:1)+HCO2,594.5102,548.50471,518.4942,264.2333,291.2691,238.2176
Cer(d20:1/16:0)+HCO2,610.5415,564.53601,534.5255,280.2646,291.2691,254.2489
Cer(d20:1/16:1)+HCO2,608.5259,562.52041,532.5099,278.249,291.2691,252.2333
Cer(d20:1/17:0)+HCO2,624.5572,578.55171,548.5412,294.2803,291.2691,268.2646
Cer(d20:1/17:1)+HCO2,622.5415,576.53601,546.5255,292.2646,291.2691,266.2489
Cer(d20:1/17:2)+HCO2,620.5259,574.52041,544.5099,290.249,291.2691,264.2333
Cer(d20:1/18:0)+HCO2,638.5728,592.56731,562.5568,308.2959,291.2691,282.2802
Cer(d20:1/18:1)+HCO2,636.5572,590.55171,560.5412,306.2803,291.2691,280.2646
Cer(d20:1/18:2)+HCO2,634.5415,588.53601,558.5255,304.2646,291.2691,278.2489
Cer(d20:1/18:3)+HCO2,632.5259,586.52041,556.5099,302.249,291.2691,276.2333
Cer(d20:1/18:4)+HCO2,630.5102,584.50471,554.4942,300.2333,291.2691,274.2176
Cer(d20:1/19:0)+HCO2,652.5885,606.58301,576.5725,322.3116,291.2691,296.2959
Cer(d20:1/20:0)+HCO2,666.6041,620.59861,590.5881,336.3272,291.2691,310.3115
Cer(d20:1/20:1)+HCO2,664.5885,618.58301,588.5725,334.3116,291.2691,308.2959
Cer(d20:1/20:2)+HCO2,662.5728,616.56731,586.5568,332.2959,291.2691,306.2802
Cer(d20:1/20:3)+HCO2,660.5572,614.55171,584.5412,330.2803,291.2691,304.2646
Cer(d20:1/20:4)+HCO2,658.5415,612.53601,582.5255,328.2646,291.2691,302.2489
Cer(d20:1/20:5)+HCO2,656.5259,610.52041,580.5099,326.249,291.2691,300.2333
Cer(d20:1/21:0)+HCO2,680.6198,634.61431,604.6038,350.3429,291.2691,324.3272
Cer(d20:1/22:0)+HCO2,694.6354,648.62991,618.6194,364.3585,291.2691,338.3428
Cer(d20:1/22:1)+HCO2,692.6198,646.61431,616.6038,362.3429,291.2691,336.3272
Cer(d20:1/22:2)+HCO2,690.6041,644.59861,614.5881,360.3272,291.2691,334.3115
Cer(d20:1/22:3)+HCO2,688.5885,642.58301,612.5725,358.3116,291.2691,332.2959
Cer(d20:1/22:4)+HCO2,686.5728,640.56731,610.5568,356.2959,291.2691,330.2802
Cer(d20:1/22:5)+HCO2,684.5572,638.55171,608.5412,354.2803,291.2691,328.2646
Cer(d20:1/22:6)+HCO2,682.5415,636.53601,606.5255,352.2646,291.2691,326.2489
Cer(d20:1/23:0)+HCO2,708.6511,662.64561,632.6351,378.3742,291.2691,352.3585
Cer(d20:1/24:0)+HCO2,722.6667,676.66121,646.6507,392.3898,291.2691,366.3741
Cer(d20:1/24:1)+HCO2,720.6511,674.64561,644.6351,390.3742,291.2691,364.3585
Cer(d20:1/25:0)+HCO2,736.6824,690.67691,660.6664,406.4055,291.2691,380.3898
Cer(d20:1/26:0)+HCO2,750.698,704.69251,674.682,420.4211,291.2691,394.4054
Cer(d20:1/8:0)+HCO2,498.4163,452.41081,422.4003,168.1394,291.2691,142.1237
Cer(d20:2/10:0)+HCO2,524.4319,478.42641,448.4159,196.1707,289.2534,170.155
Cer(d20:2/12:0)+HCO2,552.4632,506.45771,476.4472,224.202,289.2534,198.1863
Cer(d20:2/13:0)+HCO2,566.4789,520.47341,490.4629,238.2177,289.2534,212.202
Cer(d20:2/14:0)+HCO2,580.4945,534.48901,504.4785,252.2333,289.2534,226.2176
Cer(d20:2/14:1)+HCO2,578.4789,532.47341,502.4629,250.2177,289.2534,224.202
Cer(d20:2/15:0)+HCO2,594.5102,548.50471,518.4942,266.249,289.2534,240.2333
Cer(d20:2/15:1)+HCO2,592.4945,546.48901,516.4785,264.2333,289.2534,238.2176
Cer(d20:2/16:0)+HCO2,608.5258,562.52031,532.5098,280.2646,289.2534,254.2489
Cer(d20:2/16:1)+HCO2,606.5102,560.50471,530.4942,278.249,289.2534,252.2333
Cer(d20:2/17:0)+HCO2,622.5415,576.53601,546.5255,294.2803,289.2534,268.2646
Cer(d20:2/17:1)+HCO2,620.5258,574.52031,544.5098,292.2646,289.2534,266.2489
Cer(d20:2/17:2)+HCO2,618.5102,572.50471,542.4942,290.249,289.2534,264.2333
Cer(d20:2/18:0)+HCO2,636.5571,590.55161,560.5411,308.2959,289.2534,282.2802
Cer(d20:2/18:1)+HCO2,634.5415,588.53601,558.5255,306.2803,289.2534,280.2646
Cer(d20:2/18:2)+HCO2,632.5258,586.52031,556.5098,304.2646,289.2534,278.2489
Cer(d20:2/18:3)+HCO2,630.5102,584.50471,554.4942,302.249,289.2534,276.2333
Cer(d20:2/18:4)+HCO2,628.4945,582.48901,552.4785,300.2333,289.2534,274.2176
Cer(d20:2/19:0)+HCO2,650.5728,604.56731,574.5568,322.3116,289.2534,296.2959
Cer(d20:2/20:0)+HCO2,664.5884,618.58291,588.5724,336.3272,289.2534,310.3115
Cer(d20:2/20:1)+HCO2,662.5728,616.56731,586.5568,334.3116,289.2534,308.2959
Cer(d20:2/20:2)+HCO2,660.5571,614.55161,584.5411,332.2959,289.2534,306.2802
Cer(d20:2/20:3)+HCO2,658.5415,612.53601,582.5255,330.2803,289.2534,304.2646
Cer(d20:2/20:4)+HCO2,656.5258,610.52031,580.5098,328.2646,289.2534,302.2489
Cer(d20:2/20:5)+HCO2,654.5102,608.50471,578.4942,326.249,289.2534,300.2333
Cer(d20:2/21:0)+HCO2,678.6041,632.59861,602.5881,350.3429,289.2534,324.3272
Cer(d20:2/22:0)+HCO2,692.6197,646.61421,616.6037,364.3585,289.2534,338.3428
Cer(d20:2/22:1)+HCO2,690.6041,644.59861,614.5881,362.3429,289.2534,336.3272
Cer(d20:2/22:2)+HCO2,688.5884,642.58291,612.5724,360.3272,289.2534,334.3115
Cer(d20:2/22:3)+HCO2,686.5728,640.56731,610.5568,358.3116,289.2534,332.2959
Cer(d20:2/22:4)+HCO2,684.5571,638.55161,608.5411,356.2959,289.2534,330.2802
Cer(d20:2/22:5)+HCO2,682.5415,636.53601,606.5255,354.2803,289.2534,328.2646
Cer(d20:2/22:6)+HCO2,680.5258,634.52031,604.5098,352.2646,289.2534,326.2489
Cer(d20:2/23:0)+HCO2,706.6354,660.62991,630.6194,378.3742,289.2534,352.3585
Cer(d20:2/24:0)+HCO2,720.651,674.64551,644.635,392.3898,289.2534,366.3741
Cer(d20:2/24:1)+HCO2,718.6354,672.62991,642.6194,390.3742,289.2534,364.3585
Cer(d20:2/25:0)+HCO2,734.6667,688.66121,658.6507,406.4055,289.2534,380.3898
Cer(d20:2/26:0)+HCO2,748.6823,702.67681,672.6663,420.4211,289.2534,394.4054
Cer(d20:2/8:0)+HCO2,496.4006,450.39511,420.3846,168.1394,289.2534,142.1237
Cer(d20:3/10:0)+HCO2,522.4163,476.41081,446.4003,196.1707,287.2378,170.155
Cer(d20:3/12:0)+HCO2,550.4476,504.44211,474.4316,224.202,287.2378,198.1863
Cer(d20:3/13:0)+HCO2,564.4633,518.45781,488.4473,238.2177,287.2378,212.202
Cer(d20:3/14:0)+HCO2,578.4789,532.47341,502.4629,252.2333,287.2378,226.2176
Cer(d20:3/14:1)+HCO2,576.4633,530.45781,500.4473,250.2177,287.2378,224.202
Cer(d20:3/15:0)+HCO2,592.4946,546.48911,516.4786,266.249,287.2378,240.2333
Cer(d20:3/15:1)+HCO2,590.4789,544.47341,514.4629,264.2333,287.2378,238.2176
Cer(d20:3/16:0)+HCO2,606.5102,560.50471,530.4942,280.2646,287.2378,254.2489
Cer(d20:3/16:1)+HCO2,604.4946,558.48911,528.4786,278.249,287.2378,252.2333
Cer(d20:3/17:0)+HCO2,620.5259,574.52041,544.5099,294.2803,287.2378,268.2646
Cer(d20:3/17:1)+HCO2,618.5102,572.50471,542.4942,292.2646,287.2378,266.2489
Cer(d20:3/17:2)+HCO2,616.4946,570.48911,540.4786,290.249,287.2378,264.2333
Cer(d20:3/18:0)+HCO2,634.5415,588.53601,558.5255,308.2959,287.2378,282.2802
Cer(d20:3/18:1)+HCO2,632.5259,586.52041,556.5099,306.2803,287.2378,280.2646
Cer(d20:3/18:2)+HCO2,630.5102,584.50471,554.4942,304.2646,287.2378,278.2489
Cer(d20:3/18:3)+HCO2,628.4946,582.48911,552.4786,302.249,287.2378,276.2333
Cer(d20:3/18:4)+HCO2,626.4789,580.47341,550.4629,300.2333,287.2378,274.2176
Cer(d20:3/19:0)+HCO2,648.5572,602.55171,572.5412,322.3116,287.2378,296.2959
Cer(d20:3/20:0)+HCO2,662.5728,616.56731,586.5568,336.3272,287.2378,310.3115
Cer(d20:3/20:1)+HCO2,660.5572,614.55171,584.5412,334.3116,287.2378,308.2959
Cer(d20:3/20:2)+HCO2,658.5415,612.53601,582.5255,332.2959,287.2378,306.2802
Cer(d20:3/20:3)+HCO2,656.5259,610.52041,580.5099,330.2803,287.2378,304.2646
Cer(d20:3/20:4)+HCO2,654.5102,608.50471,578.4942,328.2646,287.2378,302.2489
Cer(d20:3/20:5)+HCO2,652.4946,606.48911,576.4786,326.249,287.2378,300.2333
Cer(d20:3/21:0)+HCO2,676.5885,630.58301,600.5725,350.3429,287.2378,324.3272
Cer(d20:3/22:0)+HCO2,690.6041,644.59861,614.5881,364.3585,287.2378,338.3428
Cer(d20:3/22:1)+HCO2,688.5885,642.58301,612.5725,362.3429,287.2378,336.3272
Cer(d20:3/22:2)+HCO2,686.5728,640.56731,610.5568,360.3272,287.2378,334.3115
Cer(d20:3/22:3)+HCO2,684.5572,638.55171,608.5412,358.3116,287.2378,332.2959
Cer(d20:3/22:4)+HCO2,682.5415,636.53601,606.5255,356.2959,287.2378,330.2802
Cer(d20:3/22:5)+HCO2,680.5259,634.52041,604.5099,354.2803,287.2378,328.2646
Cer(d20:3/22:6)+HCO2,678.5102,632.50471,602.4942,352.2646,287.2378,326.2489
Cer(d20:3/23:0)+HCO2,704.6198,658.61431,628.6038,378.3742,287.2378,352.3585
Cer(d20:3/24:0)+HCO2,718.6354,672.62991,642.6194,392.3898,287.2378,366.3741
Cer(d20:3/24:1)+HCO2,716.6198,670.61431,640.6038,390.3742,287.2378,364.3585
Cer(d20:3/25:0)+HCO2,732.6511,686.64561,656.6351,406.4055,287.2378,380.3898
Cer(d20:3/26:0)+HCO2,746.6667,700.66121,670.6507,420.4211,287.2378,394.4054
Cer(d20:3/8:0)+HCO2,494.385,448.37951,418.369,168.1394,287.2378,142.1237
Cer(d20:4/10:0)+HCO2,520.4006,474.39511,444.3846,196.1707,285.2221,170.155
Cer(d20:4/12:0)+HCO2,548.4319,502.42641,472.4159,224.202,285.2221,198.1863
Cer(d20:4/13:0)+HCO2,562.4476,516.44211,486.4316,238.2177,285.2221,212.202
Cer(d20:4/14:0)+HCO2,576.4632,530.45771,500.4472,252.2333,285.2221,226.2176
Cer(d20:4/14:1)+HCO2,574.4476,528.44211,498.4316,250.2177,285.2221,224.202
Cer(d20:4/15:0)+HCO2,590.4789,544.47341,514.4629,266.249,285.2221,240.2333
Cer(d20:4/15:1)+HCO2,588.4632,542.45771,512.4472,264.2333,285.2221,238.2176
Cer(d20:4/16:0)+HCO2,604.4945,558.48901,528.4785,280.2646,285.2221,254.2489
Cer(d20:4/16:1)+HCO2,602.4789,556.47341,526.4629,278.249,285.2221,252.2333
Cer(d20:4/17:0)+HCO2,618.5102,572.50471,542.4942,294.2803,285.2221,268.2646
Cer(d20:4/17:1)+HCO2,616.4945,570.48901,540.4785,292.2646,285.2221,266.2489
Cer(d20:4/17:2)+HCO2,614.4789,568.47341,538.4629,290.249,285.2221,264.2333
Cer(d20:4/18:0)+HCO2,632.5258,586.52031,556.5098,308.2959,285.2221,282.2802
Cer(d20:4/18:1)+HCO2,630.5102,584.50471,554.4942,306.2803,285.2221,280.2646
Cer(d20:4/18:2)+HCO2,628.4945,582.48901,552.4785,304.2646,285.2221,278.2489
Cer(d20:4/18:3)+HCO2,626.4789,580.47341,550.4629,302.249,285.2221,276.2333
Cer(d20:4/18:4)+HCO2,624.4632,578.45771,548.4472,300.2333,285.2221,274.2176
Cer(d20:4/19:0)+HCO2,646.5415,600.53601,570.5255,322.3116,285.2221,296.2959
Cer(d20:4/20:0)+HCO2,660.5571,614.55161,584.5411,336.3272,285.2221,310.3115
Cer(d20:4/20:1)+HCO2,658.5415,612.53601,582.5255,334.3116,285.2221,308.2959
Cer(d20:4/20:2)+HCO2,656.5258,610.52031,580.5098,332.2959,285.2221,306.2802
Cer(d20:4/20:3)+HCO2,654.5102,608.50471,578.4942,330.2803,285.2221,304.2646
Cer(d20:4/20:4)+HCO2,652.4945,606.48901,576.4785,328.2646,285.2221,302.2489
Cer(d20:4/20:5)+HCO2,650.4789,604.47341,574.4629,326.249,285.2221,300.2333
Cer(d20:4/21:0)+HCO2,674.5728,628.56731,598.5568,350.3429,285.2221,324.3272
Cer(d20:4/22:0)+HCO2,688.5884,642.58291,612.5724,364.3585,285.2221,338.3428
Cer(d20:4/22:1)+HCO2,686.5728,640.56731,610.5568,362.3429,285.2221,336.3272
Cer(d20:4/22:2)+HCO2,684.5571,638.55161,608.5411,360.3272,285.2221,334.3115
Cer(d20:4/22:3)+HCO2,682.5415,636.53601,606.5255,358.3116,285.2221,332.2959
Cer(d20:4/22:4)+HCO2,680.5258,634.52031,604.5098,356.2959,285.2221,330.2802
Cer(d20:4/22:5)+HCO2,678.5102,632.50471,602.4942,354.2803,285.2221,328.2646
Cer(d20:4/22:6)+HCO2,676.4945,630.48901,600.4785,352.2646,285.2221,326.2489
Cer(d20:4/23:0)+HCO2,702.6041,656.59861,626.5881,378.3742,285.2221,352.3585
Cer(d20:4/24:0)+HCO2,716.6197,670.61421,640.6037,392.3898,285.2221,366.3741
Cer(d20:4/24:1)+HCO2,714.6041,668.59861,638.5881,390.3742,285.2221,364.3585
Cer(d20:4/25:0)+HCO2,730.6354,684.62991,654.6194,406.4055,285.2221,380.3898
Cer(d20:4/26:0)+HCO2,744.651,698.64551,668.635,420.4211,285.2221,394.4054
Cer(d20:4/8:0)+HCO2,492.3693,446.36381,416.3533,168.1394,285.2221,142.1237
Cer(d20:5/10:0)+HCO2,518.385,472.37951,442.369,196.1707,283.2065,170.155
Cer(d20:5/12:0)+HCO2,546.4163,500.41081,470.4003,224.202,283.2065,198.1863
Cer(d20:5/13:0)+HCO2,560.432,514.42651,484.416,238.2177,283.2065,212.202
Cer(d20:5/14:0)+HCO2,574.4476,528.44211,498.4316,252.2333,283.2065,226.2176
Cer(d20:5/14:1)+HCO2,572.432,526.42651,496.416,250.2177,283.2065,224.202
Cer(d20:5/15:0)+HCO2,588.4633,542.45781,512.4473,266.249,283.2065,240.2333
Cer(d20:5/15:1)+HCO2,586.4476,540.44211,510.4316,264.2333,283.2065,238.2176
Cer(d20:5/16:0)+HCO2,602.4789,556.47341,526.4629,280.2646,283.2065,254.2489
Cer(d20:5/16:1)+HCO2,600.4633,554.45781,524.4473,278.249,283.2065,252.2333
Cer(d20:5/17:0)+HCO2,616.4946,570.48911,540.4786,294.2803,283.2065,268.2646
Cer(d20:5/17:1)+HCO2,614.4789,568.47341,538.4629,292.2646,283.2065,266.2489
Cer(d20:5/17:2)+HCO2,612.4633,566.45781,536.4473,290.249,283.2065,264.2333
Cer(d20:5/18:0)+HCO2,630.5102,584.50471,554.4942,308.2959,283.2065,282.2802
Cer(d20:5/18:1)+HCO2,628.4946,582.48911,552.4786,306.2803,283.2065,280.2646
Cer(d20:5/18:2)+HCO2,626.4789,580.47341,550.4629,304.2646,283.2065,278.2489
Cer(d20:5/18:3)+HCO2,624.4633,578.45781,548.4473,302.249,283.2065,276.2333
Cer(d20:5/18:4)+HCO2,622.4476,576.44211,546.4316,300.2333,283.2065,274.2176
Cer(d20:5/19:0)+HCO2,644.5259,598.52041,568.5099,322.3116,283.2065,296.2959
Cer(d20:5/20:0)+HCO2,658.5415,612.53601,582.5255,336.3272,283.2065,310.3115
Cer(d20:5/20:1)+HCO2,656.5259,610.52041,580.5099,334.3116,283.2065,308.2959
Cer(d20:5/20:2)+HCO2,654.5102,608.50471,578.4942,332.2959,283.2065,306.2802
Cer(d20:5/20:3)+HCO2,652.4946,606.48911,576.4786,330.2803,283.2065,304.2646
Cer(d20:5/20:4)+HCO2,650.4789,604.47341,574.4629,328.2646,283.2065,302.2489
Cer(d20:5/20:5)+HCO2,648.4633,602.45781,572.4473,326.249,283.2065,300.2333
Cer(d20:5/21:0)+HCO2,672.5572,626.55171,596.5412,350.3429,283.2065,324.3272
Cer(d20:5/22:0)+HCO2,686.5728,640.56731,610.5568,364.3585,283.2065,338.3428
Cer(d20:5/22:1)+HCO2,684.5572,638.55171,608.5412,362.3429,283.2065,336.3272
Cer(d20:5/22:2)+HCO2,682.5415,636.53601,606.5255,360.3272,283.2065,334.3115
Cer(d20:5/22:3)+HCO2,680.5259,634.52041,604.5099,358.3116,283.2065,332.2959
Cer(d20:5/22:4)+HCO2,678.5102,632.50471,602.4942,356.2959,283.2065,330.2802
Cer(d20:5/22:5)+HCO2,676.4946,630.48911,600.4786,354.2803,283.2065,328.2646
Cer(d20:5/22:6)+HCO2,674.4789,628.47341,598.4629,352.2646,283.2065,326.2489
Cer(d20:5/23:0)+HCO2,700.5885,654.58301,624.5725,378.3742,283.2065,352.3585
Cer(d20:5/24:0)+HCO2,714.6041,668.59861,638.5881,392.3898,283.2065,366.3741
Cer(d20:5/24:1)+HCO2,712.5885,666.58301,636.5725,390.3742,283.2065,364.3585
Cer(d20:5/25:0)+HCO2,728.6198,682.61431,652.6038,406.4055,283.2065,380.3898
Cer(d20:5/26:0)+HCO2,742.6354,696.62991,666.6194,420.4211,283.2065,394.4054
Cer(d20:5/8:0)+HCO2,490.3537,444.34821,414.3377,168.1394,283.2065,142.1237
Cer(d21:0/10:0)+HCO2,542.4789,496.47341,466.4629,196.1707,307.3004,170.155
Cer(d21:0/12:0)+HCO2,570.5102,524.50471,494.4942,224.202,307.3004,198.1863
Cer(d21:0/13:0)+HCO2,584.5259,538.52041,508.5099,238.2177,307.3004,212.202
Cer(d21:0/14:0)+HCO2,598.5415,552.53601,522.5255,252.2333,307.3004,226.2176
Cer(d21:0/14:1)+HCO2,596.5259,550.52041,520.5099,250.2177,307.3004,224.202
Cer(d21:0/15:0)+HCO2,612.5572,566.55171,536.5412,266.249,307.3004,240.2333
Cer(d21:0/15:1)+HCO2,610.5415,564.53601,534.5255,264.2333,307.3004,238.2176
Cer(d21:0/16:0)+HCO2,626.5728,580.56731,550.5568,280.2646,307.3004,254.2489
Cer(d21:0/16:1)+HCO2,624.5572,578.55171,548.5412,278.249,307.3004,252.2333
Cer(d21:0/17:0)+HCO2,640.5885,594.58301,564.5725,294.2803,307.3004,268.2646
Cer(d21:0/17:1)+HCO2,638.5728,592.56731,562.5568,292.2646,307.3004,266.2489
Cer(d21:0/17:2)+HCO2,636.5572,590.55171,560.5412,290.249,307.3004,264.2333
Cer(d21:0/18:0)+HCO2,654.6041,608.59861,578.5881,308.2959,307.3004,282.2802
Cer(d21:0/18:1)+HCO2,652.5885,606.58301,576.5725,306.2803,307.3004,280.2646
Cer(d21:0/18:2)+HCO2,650.5728,604.56731,574.5568,304.2646,307.3004,278.2489
Cer(d21:0/18:3)+HCO2,648.5572,602.55171,572.5412,302.249,307.3004,276.2333
Cer(d21:0/18:4)+HCO2,646.5415,600.53601,570.5255,300.2333,307.3004,274.2176
Cer(d21:0/19:0)+HCO2,668.6198,622.61431,592.6038,322.3116,307.3004,296.2959
Cer(d21:0/20:0)+HCO2,682.6354,636.62991,606.6194,336.3272,307.3004,310.3115
Cer(d21:0/20:1)+HCO2,680.6198,634.61431,604.6038,334.3116,307.3004,308.2959
Cer(d21:0/20:2)+HCO2,678.6041,632.59861,602.5881,332.2959,307.3004,306.2802
Cer(d21:0/20:3)+HCO2,676.5885,630.58301,600.5725,330.2803,307.3004,304.2646
Cer(d21:0/20:4)+HCO2,674.5728,628.56731,598.5568,328.2646,307.3004,302.2489
Cer(d21:0/20:5)+HCO2,672.5572,626.55171,596.5412,326.249,307.3004,300.2333
Cer(d21:0/21:0)+HCO2,696.6511,650.64561,620.6351,350.3429,307.3004,324.3272
Cer(d21:0/22:0)+HCO2,710.6667,664.66121,634.6507,364.3585,307.3004,338.3428
Cer(d21:0/22:1)+HCO2,708.6511,662.64561,632.6351,362.3429,307.3004,336.3272
Cer(d21:0/22:2)+HCO2,706.6354,660.62991,630.6194,360.3272,307.3004,334.3115
Cer(d21:0/22:3)+HCO2,704.6198,658.61431,628.6038,358.3116,307.3004,332.2959
Cer(d21:0/22:4)+HCO2,702.6041,656.59861,626.5881,356.2959,307.3004,330.2802
Cer(d21:0/22:5)+HCO2,700.5885,654.58301,624.5725,354.2803,307.3004,328.2646
Cer(d21:0/22:6)+HCO2,698.5728,652.56731,622.5568,352.2646,307.3004,326.2489
Cer(d21:0/23:0)+HCO2,724.6824,678.67691,648.6664,378.3742,307.3004,352.3585
Cer(d21:0/24:0)+HCO2,738.698,692.69251,662.682,392.3898,307.3004,366.3741
Cer(d21:0/24:1)+HCO2,736.6824,690.67691,660.6664,390.3742,307.3004,364.3585
Cer(d21:0/25:0)+HCO2,752.7137,706.70821,676.6977,406.4055,307.3004,380.3898
Cer(d21:0/26:0)+HCO2,766.7293,720.72381,690.7133,420.4211,307.3004,394.4054
Cer(d21:0/8:0)+HCO2,514.4476,468.44211,438.4316,168.1394,307.3004,142.1237
Cer(d22:0/10:0)+HCO2,556.4945,510.48901,480.4785,196.1707,321.316,170.155
Cer(d22:0/12:0)+HCO2,584.5258,538.52031,508.5098,224.202,321.316,198.1863
Cer(d22:0/13:0)+HCO2,598.5415,552.53601,522.5255,238.2177,321.316,212.202
Cer(d22:0/14:0)+HCO2,612.5571,566.55161,536.5411,252.2333,321.316,226.2176
Cer(d22:0/14:1)+HCO2,610.5415,564.53601,534.5255,250.2177,321.316,224.202
Cer(d22:0/15:0)+HCO2,626.5728,580.56731,550.5568,266.249,321.316,240.2333
Cer(d22:0/15:1)+HCO2,624.5571,578.55161,548.5411,264.2333,321.316,238.2176
Cer(d22:0/16:0)+HCO2,640.5884,594.58291,564.5724,280.2646,321.316,254.2489
Cer(d22:0/16:1)+HCO2,638.5728,592.56731,562.5568,278.249,321.316,252.2333
Cer(d22:0/17:0)+HCO2,654.6041,608.59861,578.5881,294.2803,321.316,268.2646
Cer(d22:0/17:1)+HCO2,652.5884,606.58291,576.5724,292.2646,321.316,266.2489
Cer(d22:0/17:2)+HCO2,650.5728,604.56731,574.5568,290.249,321.316,264.2333
Cer(d22:0/18:0)+HCO2,668.6197,622.61421,592.6037,308.2959,321.316,282.2802
Cer(d22:0/18:1)+HCO2,666.6041,620.59861,590.5881,306.2803,321.316,280.2646
Cer(d22:0/18:2)+HCO2,664.5884,618.58291,588.5724,304.2646,321.316,278.2489
Cer(d22:0/18:3)+HCO2,662.5728,616.56731,586.5568,302.249,321.316,276.2333
Cer(d22:0/18:4)+HCO2,660.5571,614.55161,584.5411,300.2333,321.316,274.2176
Cer(d22:0/19:0)+HCO2,682.6354,636.62991,606.6194,322.3116,321.316,296.2959
Cer(d22:0/20:0)+HCO2,696.651,650.64551,620.635,336.3272,321.316,310.3115
Cer(d22:0/20:1)+HCO2,694.6354,648.62991,618.6194,334.3116,321.316,308.2959
Cer(d22:0/20:2)+HCO2,692.6197,646.61421,616.6037,332.2959,321.316,306.2802
Cer(d22:0/20:3)+HCO2,690.6041,644.59861,614.5881,330.2803,321.316,304.2646
Cer(d22:0/20:4)+HCO2,688.5884,642.58291,612.5724,328.2646,321.316,302.2489
Cer(d22:0/20:5)+HCO2,686.5728,640.56731,610.5568,326.249,321.316,300.2333
Cer(d22:0/21:0)+HCO2,710.6667,664.66121,634.6507,350.3429,321.316,324.3272
Cer(d22:0/22:0)+HCO2,724.6823,678.67681,648.6663,364.3585,321.316,338.3428
Cer(d22:0/22:1)+HCO2,722.6667,676.66121,646.6507,362.3429,321.316,336.3272
Cer(d22:0/22:2)+HCO2,720.651,674.64551,644.635,360.3272,321.316,334.3115
Cer(d22:0/22:3)+HCO2,718.6354,672.62991,642.6194,358.3116,321.316,332.2959
Cer(d22:0/22:4)+HCO2,716.6197,670.61421,640.6037,356.2959,321.316,330.2802
Cer(d22:0/22:5)+HCO2,714.6041,668.59861,638.5881,354.2803,321.316,328.2646
Cer(d22:0/22:6)+HCO2,712.5884,666.58291,636.5724,352.2646,321.316,326.2489
Cer(d22:0/23:0)+HCO2,738.698,692.69251,662.682,378.3742,321.316,352.3585
Cer(d22:0/24:0)+HCO2,752.7136,706.70811,676.6976,392.3898,321.316,366.3741
Cer(d22:0/24:1)+HCO2,750.698,704.69251,674.682,390.3742,321.316,364.3585
Cer(d22:0/25:0)+HCO2,766.7293,720.72381,690.7133,406.4055,321.316,380.3898
Cer(d22:0/26:0)+HCO2,780.7449,734.73941,704.7289,420.4211,321.316,394.4054
Cer(d22:0/8:0)+HCO2,528.4632,482.45771,452.4472,168.1394,321.316,142.1237
Cer(d22:1/10:0)+HCO2,554.4789,508.47341,478.4629,196.1707,319.3004,170.155
Cer(d22:1/12:0)+HCO2,582.5102,536.50471,506.4942,224.202,319.3004,198.1863
Cer(d22:1/13:0)+HCO2,596.5259,550.52041,520.5099,238.2177,319.3004,212.202
Cer(d22:1/14:0)+HCO2,610.5415,564.53601,534.5255,252.2333,319.3004,226.2176
Cer(d22:1/14:1)+HCO2,608.5259,562.52041,532.5099,250.2177,319.3004,224.202
Cer(d22:1/15:0)+HCO2,624.5572,578.55171,548.5412,266.249,319.3004,240.2333
Cer(d22:1/15:1)+HCO2,622.5415,576.53601,546.5255,264.2333,319.3004,238.2176
Cer(d22:1/16:0)+HCO2,638.5728,592.56731,562.5568,280.2646,319.3004,254.2489
Cer(d22:1/16:1)+HCO2,636.5572,590.55171,560.5412,278.249,319.3004,252.2333
Cer(d22:1/17:0)+HCO2,652.5885,606.58301,576.5725,294.2803,319.3004,268.2646
Cer(d22:1/17:1)+HCO2,650.5728,604.56731,574.5568,292.2646,319.3004,266.2489
Cer(d22:1/17:2)+HCO2,648.5572,602.55171,572.5412,290.249,319.3004,264.2333
Cer(d22:1/18:0)+HCO2,666.6041,620.59861,590.5881,308.2959,319.3004,282.2802
Cer(d22:1/18:1)+HCO2,664.5885,618.58301,588.5725,306.2803,319.3004,280.2646
Cer(d22:1/18:2)+HCO2,662.5728,616.56731,586.5568,304.2646,319.3004,278.2489
Cer(d22:1/18:3)+HCO2,660.5572,614.55171,584.5412,302.249,319.3004,276.2333
Cer(d22:1/18:4)+HCO2,658.5415,612.53601,582.5255,300.2333,319.3004,274.2176
Cer(d22:1/19:0)+HCO2,680.6198,634.61431,604.6038,322.3116,319.3004,296.2959
Cer(d22:1/20:0)+HCO2,694.6354,648.62991,618.6194,336.3272,319.3004,310.3115
Cer(d22:1/20:1)+HCO2,692.6198,646.61431,616.6038,334.3116,319.3004,308.2959
Cer(d22:1/20:2)+HCO2,690.6041,644.59861,614.5881,332.2959,319.3004,306.2802
Cer(d22:1/20:3)+HCO2,688.5885,642.58301,612.5725,330.2803,319.3004,304.2646
Cer(d22:1/20:4)+HCO2,686.5728,640.56731,610.5568,328.2646,319.3004,302.2489
Cer(d22:1/20:5)+HCO2,684.5572,638.55171,608.5412,326.249,319.3004,300.2333
Cer(d22:1/21:0)+HCO2,708.6511,662.64561,632.6351,350.3429,319.3004,324.3272
Cer(d22:1/22:0)+HCO2,722.6667,676.66121,646.6507,364.3585,319.3004,338.3428
Cer(d22:1/22:1)+HCO2,720.6511,674.64561,644.6351,362.3429,319.3004,336.3272
Cer(d22:1/22:2)+HCO2,718.6354,672.62991,642.6194,360.3272,319.3004,334.3115
Cer(d22:1/22:3)+HCO2,716.6198,670.61431,640.6038,358.3116,319.3004,332.2959
Cer(d22:1/22:4)+HCO2,714.6041,668.59861,638.5881,356.2959,319.3004,330.2802
Cer(d22:1/22:5)+HCO2,712.5885,666.58301,636.5725,354.2803,319.3004,328.2646
Cer(d22:1/22:6)+HCO2,710.5728,664.56731,634.5568,352.2646,319.3004,326.2489
Cer(d22:1/23:0)+HCO2,736.6824,690.67691,660.6664,378.3742,319.3004,352.3585
Cer(d22:1/24:0)+HCO2,750.698,704.69251,674.682,392.3898,319.3004,366.3741
Cer(d22:1/24:1)+HCO2,748.6824,702.67691,672.6664,390.3742,319.3004,364.3585
Cer(d22:1/25:0)+HCO2,764.7137,718.70821,688.6977,406.4055,319.3004,380.3898
Cer(d22:1/26:0)+HCO2,778.7293,732.72381,702.7133,420.4211,319.3004,394.4054
Cer(d22:1/8:0)+HCO2,526.4476,480.44211,450.4316,168.1394,319.3004,142.1237
Cer(d22:2/10:0)+HCO2,552.4632,506.45771,476.4472,196.1707,317.2847,170.155
Cer(d22:2/12:0)+HCO2,580.4945,534.48901,504.4785,224.202,317.2847,198.1863
Cer(d22:2/13:0)+HCO2,594.5102,548.50471,518.4942,238.2177,317.2847,212.202
Cer(d22:2/14:0)+HCO2,608.5258,562.52031,532.5098,252.2333,317.2847,226.2176
Cer(d22:2/14:1)+HCO2,606.5102,560.50471,530.4942,250.2177,317.2847,224.202
Cer(d22:2/15:0)+HCO2,622.5415,576.53601,546.5255,266.249,317.2847,240.2333
Cer(d22:2/15:1)+HCO2,620.5258,574.52031,544.5098,264.2333,317.2847,238.2176
Cer(d22:2/16:0)+HCO2,636.5571,590.55161,560.5411,280.2646,317.2847,254.2489
Cer(d22:2/16:1)+HCO2,634.5415,588.53601,558.5255,278.249,317.2847,252.2333
Cer(d22:2/17:0)+HCO2,650.5728,604.56731,574.5568,294.2803,317.2847,268.2646
Cer(d22:2/17:1)+HCO2,648.5571,602.55161,572.5411,292.2646,317.2847,266.2489
Cer(d22:2/17:2)+HCO2,646.5415,600.53601,570.5255,290.249,317.2847,264.2333
Cer(d22:2/18:0)+HCO2,664.5884,618.58291,588.5724,308.2959,317.2847,282.2802
Cer(d22:2/18:1)+HCO2,662.5728,616.56731,586.5568,306.2803,317.2847,280.2646
Cer(d22:2/18:2)+HCO2,660.5571,614.55161,584.5411,304.2646,317.2847,278.2489
Cer(d22:2/18:3)+HCO2,658.5415,612.53601,582.5255,302.249,317.2847,276.2333
Cer(d22:2/18:4)+HCO2,656.5258,610.52031,580.5098,300.2333,317.2847,274.2176
Cer(d22:2/19:0)+HCO2,678.6041,632.59861,602.5881,322.3116,317.2847,296.2959
Cer(d22:2/20:0)+HCO2,692.6197,646.61421,616.6037,336.3272,317.2847,310.3115
Cer(d22:2/20:1)+HCO2,690.6041,644.59861,614.5881,334.3116,317.2847,308.2959
Cer(d22:2/20:2)+HCO2,688.5884,642.58291,612.5724,332.2959,317.2847,306.2802
Cer(d22:2/20:3)+HCO2,686.5728,640.56731,610.5568,330.2803,317.2847,304.2646
Cer(d22:2/20:4)+HCO2,684.5571,638.55161,608.5411,328.2646,317.2847,302.2489
Cer(d22:2/20:5)+HCO2,682.5415,636.53601,606.5255,326.249,317.2847,300.2333
Cer(d22:2/21:0)+HCO2,706.6354,660.62991,630.6194,350.3429,317.2847,324.3272
Cer(d22:2/22:0)+HCO2,720.651,674.64551,644.635,364.3585,317.2847,338.3428
Cer(d22:2/22:1)+HCO2,718.6354,672.62991,642.6194,362.3429,317.2847,336.3272
Cer(d22:2/22:2)+HCO2,716.6197,670.61421,640.6037,360.3272,317.2847,334.3115
Cer(d22:2/22:3)+HCO2,714.6041,668.59861,638.5881,358.3116,317.2847,332.2959
Cer(d22:2/22:4)+HCO2,712.5884,666.58291,636.5724,356.2959,317.2847,330.2802
Cer(d22:2/22:5)+HCO2,710.5728,664.56731,634.5568,354.2803,317.2847,328.2646
Cer(d22:2/22:6)+HCO2,708.5571,662.55161,632.5411,352.2646,317.2847,326.2489
Cer(d22:2/23:0)+HCO2,734.6667,688.66121,658.6507,378.3742,317.2847,352.3585
Cer(d22:2/24:0)+HCO2,748.6823,702.67681,672.6663,392.3898,317.2847,366.3741
Cer(d22:2/24:1)+HCO2,746.6667,700.66121,670.6507,390.3742,317.2847,364.3585
Cer(d22:2/25:0)+HCO2,762.698,716.69251,686.682,406.4055,317.2847,380.3898
Cer(d22:2/26:0)+HCO2,776.7136,730.70811,700.6976,420.4211,317.2847,394.4054
Cer(d22:2/8:0)+HCO2,524.4319,478.42641,448.4159,168.1394,317.2847,142.1237
Cer(d22:3/10:0)+HCO2,550.4476,504.44211,474.4316,196.1707,315.2691,170.155
Cer(d22:3/12:0)+HCO2,578.4789,532.47341,502.4629,224.202,315.2691,198.1863
Cer(d22:3/13:0)+HCO2,592.4946,546.48911,516.4786,238.2177,315.2691,212.202
Cer(d22:3/14:0)+HCO2,606.5102,560.50471,530.4942,252.2333,315.2691,226.2176
Cer(d22:3/14:1)+HCO2,604.4946,558.48911,528.4786,250.2177,315.2691,224.202
Cer(d22:3/15:0)+HCO2,620.5259,574.52041,544.5099,266.249,315.2691,240.2333
Cer(d22:3/15:1)+HCO2,618.5102,572.50471,542.4942,264.2333,315.2691,238.2176
Cer(d22:3/16:0)+HCO2,634.5415,588.53601,558.5255,280.2646,315.2691,254.2489
Cer(d22:3/16:1)+HCO2,632.5259,586.52041,556.5099,278.249,315.2691,252.2333
Cer(d22:3/17:0)+HCO2,648.5572,602.55171,572.5412,294.2803,315.2691,268.2646
Cer(d22:3/17:1)+HCO2,646.5415,600.53601,570.5255,292.2646,315.2691,266.2489
Cer(d22:3/17:2)+HCO2,644.5259,598.52041,568.5099,290.249,315.2691,264.2333
Cer(d22:3/18:0)+HCO2,662.5728,616.56731,586.5568,308.2959,315.2691,282.2802
Cer(d22:3/18:1)+HCO2,660.5572,614.55171,584.5412,306.2803,315.2691,280.2646
Cer(d22:3/18:2)+HCO2,658.5415,612.53601,582.5255,304.2646,315.2691,278.2489
Cer(d22:3/18:3)+HCO2,656.5259,610.52041,580.5099,302.249,315.2691,276.2333
Cer(d22:3/18:4)+HCO2,654.5102,608.50471,578.4942,300.2333,315.2691,274.2176
Cer(d22:3/19:0)+HCO2,676.5885,630.58301,600.5725,322.3116,315.2691,296.2959
Cer(d22:3/20:0)+HCO2,690.6041,644.59861,614.5881,336.3272,315.2691,310.3115
Cer(d22:3/20:1)+HCO2,688.5885,642.58301,612.5725,334.3116,315.2691,308.2959
Cer(d22:3/20:2)+HCO2,686.5728,640.56731,610.5568,332.2959,315.2691,306.2802
Cer(d22:3/20:3)+HCO2,684.5572,638.55171,608.5412,330.2803,315.2691,304.2646
Cer(d22:3/20:4)+HCO2,682.5415,636.53601,606.5255,328.2646,315.2691,302.2489
Cer(d22:3/20:5)+HCO2,680.5259,634.52041,604.5099,326.249,315.2691,300.2333
Cer(d22:3/21:0)+HCO2,704.6198,658.61431,628.6038,350.3429,315.2691,324.3272
Cer(d22:3/22:0)+HCO2,718.6354,672.62991,642.6194,364.3585,315.2691,338.3428
Cer(d22:3/22:1)+HCO2,716.6198,670.61431,640.6038,362.3429,315.2691,336.3272
Cer(d22:3/22:2)+HCO2,714.6041,668.59861,638.5881,360.3272,315.2691,334.3115
Cer(d22:3/22:3)+HCO2,712.5885,666.58301,636.5725,358.3116,315.2691,332.2959
Cer(d22:3/22:4)+HCO2,710.5728,664.56731,634.5568,356.2959,315.2691,330.2802
Cer(d22:3/22:5)+HCO2,708.5572,662.55171,632.5412,354.2803,315.2691,328.2646
Cer(d22:3/22:6)+HCO2,706.5415,660.53601,630.5255,352.2646,315.2691,326.2489
Cer(d22:3/23:0)+HCO2,732.6511,686.64561,656.6351,378.3742,315.2691,352.3585
Cer(d22:3/24:0)+HCO2,746.6667,700.66121,670.6507,392.3898,315.2691,366.3741
Cer(d22:3/24:1)+HCO2,744.6511,698.64561,668.6351,390.3742,315.2691,364.3585
Cer(d22:3/25:0)+HCO2,760.6824,714.67691,684.6664,406.4055,315.2691,380.3898
Cer(d22:3/26:0)+HCO2,774.698,728.69251,698.682,420.4211,315.2691,394.4054
Cer(d22:3/8:0)+HCO2,522.4163,476.41081,446.4003,168.1394,315.2691,142.1237
Cer(d22:4/10:0)+HCO2,548.4319,502.42641,472.4159,196.1707,313.2534,170.155
Cer(d22:4/12:0)+HCO2,576.4632,530.45771,500.4472,224.202,313.2534,198.1863
Cer(d22:4/13:0)+HCO2,590.4789,544.47341,514.4629,238.2177,313.2534,212.202
Cer(d22:4/14:0)+HCO2,604.4945,558.48901,528.4785,252.2333,313.2534,226.2176
Cer(d22:4/14:1)+HCO2,602.4789,556.47341,526.4629,250.2177,313.2534,224.202
Cer(d22:4/15:0)+HCO2,618.5102,572.50471,542.4942,266.249,313.2534,240.2333
Cer(d22:4/15:1)+HCO2,616.4945,570.48901,540.4785,264.2333,313.2534,238.2176
Cer(d22:4/16:0)+HCO2,632.5258,586.52031,556.5098,280.2646,313.2534,254.2489
Cer(d22:4/16:1)+HCO2,630.5102,584.50471,554.4942,278.249,313.2534,252.2333
Cer(d22:4/17:0)+HCO2,646.5415,600.53601,570.5255,294.2803,313.2534,268.2646
Cer(d22:4/17:1)+HCO2,644.5258,598.52031,568.5098,292.2646,313.2534,266.2489
Cer(d22:4/17:2)+HCO2,642.5102,596.50471,566.4942,290.249,313.2534,264.2333
Cer(d22:4/18:0)+HCO2,660.5571,614.55161,584.5411,308.2959,313.2534,282.2802
Cer(d22:4/18:1)+HCO2,658.5415,612.53601,582.5255,306.2803,313.2534,280.2646
Cer(d22:4/18:2)+HCO2,656.5258,610.52031,580.5098,304.2646,313.2534,278.2489
Cer(d22:4/18:3)+HCO2,654.5102,608.50471,578.4942,302.249,313.2534,276.2333
Cer(d22:4/18:4)+HCO2,652.4945,606.48901,576.4785,300.2333,313.2534,274.2176
Cer(d22:4/19:0)+HCO2,674.5728,628.56731,598.5568,322.3116,313.2534,296.2959
Cer(d22:4/20:0)+HCO2,688.5884,642.58291,612.5724,336.3272,313.2534,310.3115
Cer(d22:4/20:1)+HCO2,686.5728,640.56731,610.5568,334.3116,313.2534,308.2959
Cer(d22:4/20:2)+HCO2,684.5571,638.55161,608.5411,332.2959,313.2534,306.2802
Cer(d22:4/20:3)+HCO2,682.5415,636.53601,606.5255,330.2803,313.2534,304.2646
Cer(d22:4/20:4)+HCO2,680.5258,634.52031,604.5098,328.2646,313.2534,302.2489
Cer(d22:4/20:5)+HCO2,678.5102,632.50471,602.4942,326.249,313.2534,300.2333
Cer(d22:4/21:0)+HCO2,702.6041,656.59861,626.5881,350.3429,313.2534,324.3272
Cer(d22:4/22:0)+HCO2,716.6197,670.61421,640.6037,364.3585,313.2534,338.3428
Cer(d22:4/22:1)+HCO2,714.6041,668.59861,638.5881,362.3429,313.2534,336.3272
Cer(d22:4/22:2)+HCO2,712.5884,666.58291,636.5724,360.3272,313.2534,334.3115
Cer(d22:4/22:3)+HCO2,710.5728,664.56731,634.5568,358.3116,313.2534,332.2959
Cer(d22:4/22:4)+HCO2,708.5571,662.55161,632.5411,356.2959,313.2534,330.2802
Cer(d22:4/22:5)+HCO2,706.5415,660.53601,630.5255,354.2803,313.2534,328.2646
Cer(d22:4/22:6)+HCO2,704.5258,658.52031,628.5098,352.2646,313.2534,326.2489
Cer(d22:4/23:0)+HCO2,730.6354,684.62991,654.6194,378.3742,313.2534,352.3585
Cer(d22:4/24:0)+HCO2,744.651,698.64551,668.635,392.3898,313.2534,366.3741
Cer(d22:4/24:1)+HCO2,742.6354,696.62991,666.6194,390.3742,313.2534,364.3585
Cer(d22:4/25:0)+HCO2,758.6667,712.66121,682.6507,406.4055,313.2534,380.3898
Cer(d22:4/26:0)+HCO2,772.6823,726.67681,696.6663,420.4211,313.2534,394.4054
Cer(d22:4/8:0)+HCO2,520.4006,474.39511,444.3846,168.1394,313.2534,142.1237
Cer(d22:5/10:0)+HCO2,546.4163,500.41081,470.4003,196.1707,311.2378,170.155
Cer(d22:5/12:0)+HCO2,574.4476,528.44211,498.4316,224.202,311.2378,198.1863
Cer(d22:5/13:0)+HCO2,588.4633,542.45781,512.4473,238.2177,311.2378,212.202
Cer(d22:5/14:0)+HCO2,602.4789,556.47341,526.4629,252.2333,311.2378,226.2176
Cer(d22:5/14:1)+HCO2,600.4633,554.45781,524.4473,250.2177,311.2378,224.202
Cer(d22:5/15:0)+HCO2,616.4946,570.48911,540.4786,266.249,311.2378,240.2333
Cer(d22:5/15:1)+HCO2,614.4789,568.47341,538.4629,264.2333,311.2378,238.2176
Cer(d22:5/16:0)+HCO2,630.5102,584.50471,554.4942,280.2646,311.2378,254.2489
Cer(d22:5/16:1)+HCO2,628.4946,582.48911,552.4786,278.249,311.2378,252.2333
Cer(d22:5/17:0)+HCO2,644.5259,598.52041,568.5099,294.2803,311.2378,268.2646
Cer(d22:5/17:1)+HCO2,642.5102,596.50471,566.4942,292.2646,311.2378,266.2489
Cer(d22:5/17:2)+HCO2,640.4946,594.48911,564.4786,290.249,311.2378,264.2333
Cer(d22:5/18:0)+HCO2,658.5415,612.53601,582.5255,308.2959,311.2378,282.2802
Cer(d22:5/18:1)+HCO2,656.5259,610.52041,580.5099,306.2803,311.2378,280.2646
Cer(d22:5/18:2)+HCO2,654.5102,608.50471,578.4942,304.2646,311.2378,278.2489
Cer(d22:5/18:3)+HCO2,652.4946,606.48911,576.4786,302.249,311.2378,276.2333
Cer(d22:5/18:4)+HCO2,650.4789,604.47341,574.4629,300.2333,311.2378,274.2176
Cer(d22:5/19:0)+HCO2,672.5572,626.55171,596.5412,322.3116,311.2378,296.2959
Cer(d22:5/20:0)+HCO2,686.5728,640.56731,610.5568,336.3272,311.2378,310.3115
Cer(d22:5/20:1)+HCO2,684.5572,638.55171,608.5412,334.3116,311.2378,308.2959
Cer(d22:5/20:2)+HCO2,682.5415,636.53601,606.5255,332.2959,311.2378,306.2802
Cer(d22:5/20:3)+HCO2,680.5259,634.52041,604.5099,330.2803,311.2378,304.2646
Cer(d22:5/20:4)+HCO2,678.5102,632.50471,602.4942,328.2646,311.2378,302.2489
Cer(d22:5/20:5)+HCO2,676.4946,630.48911,600.4786,326.249,311.2378,300.2333
Cer(d22:5/21:0)+HCO2,700.5885,654.58301,624.5725,350.3429,311.2378,324.3272
Cer(d22:5/22:0)+HCO2,714.6041,668.59861,638.5881,364.3585,311.2378,338.3428
Cer(d22:5/22:1)+HCO2,712.5885,666.58301,636.5725,362.3429,311.2378,336.3272
Cer(d22:5/22:2)+HCO2,710.5728,664.56731,634.5568,360.3272,311.2378,334.3115
Cer(d22:5/22:3)+HCO2,708.5572,662.55171,632.5412,358.3116,311.2378,332.2959
Cer(d22:5/22:4)+HCO2,706.5415,660.53601,630.5255,356.2959,311.2378,330.2802
Cer(d22:5/22:5)+HCO2,704.5259,658.52041,628.5099,354.2803,311.2378,328.2646
Cer(d22:5/22:6)+HCO2,702.5102,656.50471,626.4942,352.2646,311.2378,326.2489
Cer(d22:5/23:0)+HCO2,728.6198,682.61431,652.6038,378.3742,311.2378,352.3585
Cer(d22:5/24:0)+HCO2,742.6354,696.62991,666.6194,392.3898,311.2378,366.3741
Cer(d22:5/24:1)+HCO2,740.6198,694.61431,664.6038,390.3742,311.2378,364.3585
Cer(d22:5/25:0)+HCO2,756.6511,710.64561,680.6351,406.4055,311.2378,380.3898
Cer(d22:5/26:0)+HCO2,770.6667,724.66121,694.6507,420.4211,311.2378,394.4054
Cer(d22:5/8:0)+HCO2,518.385,472.37951,442.369,168.1394,311.2378,142.1237
Cer(d22:6/10:0)+HCO2,544.4006,498.39511,468.3846,196.1707,309.2221,170.155
Cer(d22:6/12:0)+HCO2,572.4319,526.42641,496.4159,224.202,309.2221,198.1863
Cer(d22:6/13:0)+HCO2,586.4476,540.44211,510.4316,238.2177,309.2221,212.202
Cer(d22:6/14:0)+HCO2,600.4632,554.45771,524.4472,252.2333,309.2221,226.2176
Cer(d22:6/14:1)+HCO2,598.4476,552.44211,522.4316,250.2177,309.2221,224.202
Cer(d22:6/15:0)+HCO2,614.4789,568.47341,538.4629,266.249,309.2221,240.2333
Cer(d22:6/15:1)+HCO2,612.4632,566.45771,536.4472,264.2333,309.2221,238.2176
Cer(d22:6/16:0)+HCO2,628.4945,582.48901,552.4785,280.2646,309.2221,254.2489
Cer(d22:6/16:1)+HCO2,626.4789,580.47341,550.4629,278.249,309.2221,252.2333
Cer(d22:6/17:0)+HCO2,642.5102,596.50471,566.4942,294.2803,309.2221,268.2646
Cer(d22:6/17:1)+HCO2,640.4945,594.48901,564.4785,292.2646,309.2221,266.2489
Cer(d22:6/17:2)+HCO2,638.4789,592.47341,562.4629,290.249,309.2221,264.2333
Cer(d22:6/18:0)+HCO2,656.5258,610.52031,580.5098,308.2959,309.2221,282.2802
Cer(d22:6/18:1)+HCO2,654.5102,608.50471,578.4942,306.2803,309.2221,280.2646
Cer(d22:6/18:2)+HCO2,652.4945,606.48901,576.4785,304.2646,309.2221,278.2489
Cer(d22:6/18:3)+HCO2,650.4789,604.47341,574.4629,302.249,309.2221,276.2333
Cer(d22:6/18:4)+HCO2,648.4632,602.45771,572.4472,300.2333,309.2221,274.2176
Cer(d22:6/19:0)+HCO2,670.5415,624.53601,594.5255,322.3116,309.2221,296.2959
Cer(d22:6/20:0)+HCO2,684.5571,638.55161,608.5411,336.3272,309.2221,310.3115
Cer(d22:6/20:1)+HCO2,682.5415,636.53601,606.5255,334.3116,309.2221,308.2959
Cer(d22:6/20:2)+HCO2,680.5258,634.52031,604.5098,332.2959,309.2221,306.2802
Cer(d22:6/20:3)+HCO2,678.5102,632.50471,602.4942,330.2803,309.2221,304.2646
Cer(d22:6/20:4)+HCO2,676.4945,630.48901,600.4785,328.2646,309.2221,302.2489
Cer(d22:6/20:5)+HCO2,674.4789,628.47341,598.4629,326.249,309.2221,300.2333
Cer(d22:6/21:0)+HCO2,698.5728,652.56731,622.5568,350.3429,309.2221,324.3272
Cer(d22:6/22:0)+HCO2,712.5884,666.58291,636.5724,364.3585,309.2221,338.3428
Cer(d22:6/22:1)+HCO2,710.5728,664.56731,634.5568,362.3429,309.2221,336.3272
Cer(d22:6/22:2)+HCO2,708.5571,662.55161,632.5411,360.3272,309.2221,334.3115
Cer(d22:6/22:3)+HCO2,706.5415,660.53601,630.5255,358.3116,309.2221,332.2959
Cer(d22:6/22:4)+HCO2,704.5258,658.52031,628.5098,356.2959,309.2221,330.2802
Cer(d22:6/22:5)+HCO2,702.5102,656.50471,626.4942,354.2803,309.2221,328.2646
Cer(d22:6/22:6)+HCO2,700.4945,654.48901,624.4785,352.2646,309.2221,326.2489
Cer(d22:6/23:0)+HCO2,726.6041,680.59861,650.5881,378.3742,309.2221,352.3585
Cer(d22:6/24:0)+HCO2,740.6197,694.61421,664.6037,392.3898,309.2221,366.3741
Cer(d22:6/24:1)+HCO2,738.6041,692.59861,662.5881,390.3742,309.2221,364.3585
Cer(d22:6/25:0)+HCO2,754.6354,708.62991,678.6194,406.4055,309.2221,380.3898
Cer(d22:6/26:0)+HCO2,768.651,722.64551,692.635,420.4211,309.2221,394.4054
Cer(d22:6/8:0)+HCO2,516.3693,470.36381,440.3533,168.1394,309.2221,142.1237
Cer(d23:0/10:0)+HCO2,570.5102,524.50471,494.4942,196.1707,335.3317,170.155
Cer(d23:0/12:0)+HCO2,598.5415,552.53601,522.5255,224.202,335.3317,198.1863
Cer(d23:0/13:0)+HCO2,612.5572,566.55171,536.5412,238.2177,335.3317,212.202
Cer(d23:0/14:0)+HCO2,626.5728,580.56731,550.5568,252.2333,335.3317,226.2176
Cer(d23:0/14:1)+HCO2,624.5572,578.55171,548.5412,250.2177,335.3317,224.202
Cer(d23:0/15:0)+HCO2,640.5885,594.58301,564.5725,266.249,335.3317,240.2333
Cer(d23:0/15:1)+HCO2,638.5728,592.56731,562.5568,264.2333,335.3317,238.2176
Cer(d23:0/16:0)+HCO2,654.6041,608.59861,578.5881,280.2646,335.3317,254.2489
Cer(d23:0/16:1)+HCO2,652.5885,606.58301,576.5725,278.249,335.3317,252.2333
Cer(d23:0/17:0)+HCO2,668.6198,622.61431,592.6038,294.2803,335.3317,268.2646
Cer(d23:0/17:1)+HCO2,666.6041,620.59861,590.5881,292.2646,335.3317,266.2489
Cer(d23:0/17:2)+HCO2,664.5885,618.58301,588.5725,290.249,335.3317,264.2333
Cer(d23:0/18:0)+HCO2,682.6354,636.62991,606.6194,308.2959,335.3317,282.2802
Cer(d23:0/18:1)+HCO2,680.6198,634.61431,604.6038,306.2803,335.3317,280.2646
Cer(d23:0/18:2)+HCO2,678.6041,632.59861,602.5881,304.2646,335.3317,278.2489
Cer(d23:0/18:3)+HCO2,676.5885,630.58301,600.5725,302.249,335.3317,276.2333
Cer(d23:0/18:4)+HCO2,674.5728,628.56731,598.5568,300.2333,335.3317,274.2176
Cer(d23:0/19:0)+HCO2,696.6511,650.64561,620.6351,322.3116,335.3317,296.2959
Cer(d23:0/20:0)+HCO2,710.6667,664.66121,634.6507,336.3272,335.3317,310.3115
Cer(d23:0/20:1)+HCO2,708.6511,662.64561,632.6351,334.3116,335.3317,308.2959
Cer(d23:0/20:2)+HCO2,706.6354,660.62991,630.6194,332.2959,335.3317,306.2802
Cer(d23:0/20:3)+HCO2,704.6198,658.61431,628.6038,330.2803,335.3317,304.2646
Cer(d23:0/20:4)+HCO2,702.6041,656.59861,626.5881,328.2646,335.3317,302.2489
Cer(d23:0/20:5)+HCO2,700.5885,654.58301,624.5725,326.249,335.3317,300.2333
Cer(d23:0/21:0)+HCO2,724.6824,678.67691,648.6664,350.3429,335.3317,324.3272
Cer(d23:0/22:0)+HCO2,738.698,692.69251,662.682,364.3585,335.3317,338.3428
Cer(d23:0/22:1)+HCO2,736.6824,690.67691,660.6664,362.3429,335.3317,336.3272
Cer(d23:0/22:2)+HCO2,734.6667,688.66121,658.6507,360.3272,335.3317,334.3115
Cer(d23:0/22:3)+HCO2,732.6511,686.64561,656.6351,358.3116,335.3317,332.2959
Cer(d23:0/22:4)+HCO2,730.6354,684.62991,654.6194,356.2959,335.3317,330.2802
Cer(d23:0/22:5)+HCO2,728.6198,682.61431,652.6038,354.2803,335.3317,328.2646
Cer(d23:0/22:6)+HCO2,726.6041,680.59861,650.5881,352.2646,335.3317,326.2489
Cer(d23:0/23:0)+HCO2,752.7137,706.70821,676.6977,378.3742,335.3317,352.3585
Cer(d23:0/24:0)+HCO2,766.7293,720.72381,690.7133,392.3898,335.3317,366.3741
Cer(d23:0/24:1)+HCO2,764.7137,718.70821,688.6977,390.3742,335.3317,364.3585
Cer(d23:0/25:0)+HCO2,780.745,734.73951,704.729,406.4055,335.3317,380.3898
Cer(d23:0/26:0)+HCO2,794.7606,748.75511,718.7446,420.4211,335.3317,394.4054
Cer(d23:0/8:0)+HCO2,542.4789,496.47341,466.4629,168.1394,335.3317,142.1237
Cer(d24:0/10:0)+HCO2,584.5258,538.52031,508.5098,196.1707,349.3473,170.155
Cer(d24:0/12:0)+HCO2,612.5571,566.55161,536.5411,224.202,349.3473,198.1863
Cer(d24:0/13:0)+HCO2,626.5728,580.56731,550.5568,238.2177,349.3473,212.202
Cer(d24:0/14:0)+HCO2,640.5884,594.58291,564.5724,252.2333,349.3473,226.2176
Cer(d24:0/14:1)+HCO2,638.5728,592.56731,562.5568,250.2177,349.3473,224.202
Cer(d24:0/15:0)+HCO2,654.6041,608.59861,578.5881,266.249,349.3473,240.2333
Cer(d24:0/15:1)+HCO2,652.5884,606.58291,576.5724,264.2333,349.3473,238.2176
Cer(d24:0/16:0)+HCO2,668.6197,622.61421,592.6037,280.2646,349.3473,254.2489
Cer(d24:0/16:1)+HCO2,666.6041,620.59861,590.5881,278.249,349.3473,252.2333
Cer(d24:0/17:0)+HCO2,682.6354,636.62991,606.6194,294.2803,349.3473,268.2646
Cer(d24:0/17:1)+HCO2,680.6197,634.61421,604.6037,292.2646,349.3473,266.2489
Cer(d24:0/17:2)+HCO2,678.6041,632.59861,602.5881,290.249,349.3473,264.2333
Cer(d24:0/18:0)+HCO2,696.651,650.64551,620.635,308.2959,349.3473,282.2802
Cer(d24:0/18:1)+HCO2,694.6354,648.62991,618.6194,306.2803,349.3473,280.2646
Cer(d24:0/18:2)+HCO2,692.6197,646.61421,616.6037,304.2646,349.3473,278.2489
Cer(d24:0/18:3)+HCO2,690.6041,644.59861,614.5881,302.249,349.3473,276.2333
Cer(d24:0/18:4)+HCO2,688.5884,642.58291,612.5724,300.2333,349.3473,274.2176
Cer(d24:0/19:0)+HCO2,710.6667,664.66121,634.6507,322.3116,349.3473,296.2959
Cer(d24:0/20:0)+HCO2,724.6823,678.67681,648.6663,336.3272,349.3473,310.3115
Cer(d24:0/20:1)+HCO2,722.6667,676.66121,646.6507,334.3116,349.3473,308.2959
Cer(d24:0/20:2)+HCO2,720.651,674.64551,644.635,332.2959,349.3473,306.2802
Cer(d24:0/20:3)+HCO2,718.6354,672.62991,642.6194,330.2803,349.3473,304.2646
Cer(d24:0/20:4)+HCO2,716.6197,670.61421,640.6037,328.2646,349.3473,302.2489
Cer(d24:0/20:5)+HCO2,714.6041,668.59861,638.5881,326.249,349.3473,300.2333
Cer(d24:0/21:0)+HCO2,738.698,692.69251,662.682,350.3429,349.3473,324.3272
Cer(d24:0/22:0)+HCO2,752.7136,706.70811,676.6976,364.3585,349.3473,338.3428
Cer(d24:0/22:1)+HCO2,750.698,704.69251,674.682,362.3429,349.3473,336.3272
Cer(d24:0/22:2)+HCO2,748.6823,702.67681,672.6663,360.3272,349.3473,334.3115
Cer(d24:0/22:3)+HCO2,746.6667,700.66121,670.6507,358.3116,349.3473,332.2959
Cer(d24:0/22:4)+HCO2,744.651,698.64551,668.635,356.2959,349.3473,330.2802
Cer(d24:0/22:5)+HCO2,742.6354,696.62991,666.6194,354.2803,349.3473,328.2646
Cer(d24:0/22:6)+HCO2,740.6197,694.61421,664.6037,352.2646,349.3473,326.2489
Cer(d24:0/23:0)+HCO2,766.7293,720.72381,690.7133,378.3742,349.3473,352.3585
Cer(d24:0/24:0)+HCO2,780.7449,734.73941,704.7289,392.3898,349.3473,366.3741
Cer(d24:0/24:1)+HCO2,778.7293,732.72381,702.7133,390.3742,349.3473,364.3585
Cer(d24:0/25:0)+HCO2,794.7606,748.75511,718.7446,406.4055,349.3473,380.3898
Cer(d24:0/26:0)+HCO2,808.7762,762.77071,732.7602,420.4211,349.3473,394.4054
Cer(d24:0/8:0)+HCO2,556.4945,510.48901,480.4785,168.1394,349.3473,142.1237
Cer(d24:1/10:0)+HCO2,582.5102,536.50471,506.4942,196.1707,347.3317,170.155
Cer(d24:1/12:0)+HCO2,610.5415,564.53601,534.5255,224.202,347.3317,198.1863
Cer(d24:1/13:0)+HCO2,624.5572,578.55171,548.5412,238.2177,347.3317,212.202
Cer(d24:1/14:0)+HCO2,638.5728,592.56731,562.5568,252.2333,347.3317,226.2176
Cer(d24:1/14:1)+HCO2,636.5572,590.55171,560.5412,250.2177,347.3317,224.202
Cer(d24:1/15:0)+HCO2,652.5885,606.58301,576.5725,266.249,347.3317,240.2333
Cer(d24:1/15:1)+HCO2,650.5728,604.56731,574.5568,264.2333,347.3317,238.2176
Cer(d24:1/16:0)+HCO2,666.6041,620.59861,590.5881,280.2646,347.3317,254.2489
Cer(d24:1/16:1)+HCO2,664.5885,618.58301,588.5725,278.249,347.3317,252.2333
Cer(d24:1/17:0)+HCO2,680.6198,634.61431,604.6038,294.2803,347.3317,268.2646
Cer(d24:1/17:1)+HCO2,678.6041,632.59861,602.5881,292.2646,347.3317,266.2489
Cer(d24:1/17:2)+HCO2,676.5885,630.58301,600.5725,290.249,347.3317,264.2333
Cer(d24:1/18:0)+HCO2,694.6354,648.62991,618.6194,308.2959,347.3317,282.2802
Cer(d24:1/18:1)+HCO2,692.6198,646.61431,616.6038,306.2803,347.3317,280.2646
Cer(d24:1/18:2)+HCO2,690.6041,644.59861,614.5881,304.2646,347.3317,278.2489
Cer(d24:1/18:3)+HCO2,688.5885,642.58301,612.5725,302.249,347.3317,276.2333
Cer(d24:1/18:4)+HCO2,686.5728,640.56731,610.5568,300.2333,347.3317,274.2176
Cer(d24:1/19:0)+HCO2,708.6511,662.64561,632.6351,322.3116,347.3317,296.2959
Cer(d24:1/20:0)+HCO2,722.6667,676.66121,646.6507,336.3272,347.3317,310.3115
Cer(d24:1/20:1)+HCO2,720.6511,674.64561,644.6351,334.3116,347.3317,308.2959
Cer(d24:1/20:2)+HCO2,718.6354,672.62991,642.6194,332.2959,347.3317,306.2802
Cer(d24:1/20:3)+HCO2,716.6198,670.61431,640.6038,330.2803,347.3317,304.2646
Cer(d24:1/20:4)+HCO2,714.6041,668.59861,638.5881,328.2646,347.3317,302.2489
Cer(d24:1/20:5)+HCO2,712.5885,666.58301,636.5725,326.249,347.3317,300.2333
Cer(d24:1/21:0)+HCO2,736.6824,690.67691,660.6664,350.3429,347.3317,324.3272
Cer(d24:1/22:0)+HCO2,750.698,704.69251,674.682,364.3585,347.3317,338.3428
Cer(d24:1/22:1)+HCO2,748.6824,702.67691,672.6664,362.3429,347.3317,336.3272
Cer(d24:1/22:2)+HCO2,746.6667,700.66121,670.6507,360.3272,347.3317,334.3115
Cer(d24:1/22:3)+HCO2,744.6511,698.64561,668.6351,358.3116,347.3317,332.2959
Cer(d24:1/22:4)+HCO2,742.6354,696.62991,666.6194,356.2959,347.3317,330.2802
Cer(d24:1/22:5)+HCO2,740.6198,694.61431,664.6038,354.2803,347.3317,328.2646
Cer(d24:1/22:6)+HCO2,738.6041,692.59861,662.5881,352.2646,347.3317,326.2489
Cer(d24:1/23:0)+HCO2,764.7137,718.70821,688.6977,378.3742,347.3317,352.3585
Cer(d24:1/24:0)+HCO2,778.7293,732.72381,702.7133,392.3898,347.3317,366.3741
Cer(d24:1/24:1)+HCO2,776.7137,730.70821,700.6977,390.3742,347.3317,364.3585
Cer(d24:1/25:0)+HCO2,792.745,746.73951,716.729,406.4055,347.3317,380.3898
Cer(d24:1/26:0)+HCO2,806.7606,760.75511,730.7446,420.4211,347.3317,394.4054
Cer(d24:1/8:0)+HCO2,554.4789,508.47341,478.4629,168.1394,347.3317,142.1237
Cer(d25:0/10:0)+HCO2,598.5415,552.53601,522.5255,196.1707,363.363,170.155
Cer(d25:0/12:0)+HCO2,626.5728,580.56731,550.5568,224.202,363.363,198.1863
Cer(d25:0/13:0)+HCO2,640.5885,594.58301,564.5725,238.2177,363.363,212.202
Cer(d25:0/14:0)+HCO2,654.6041,608.59861,578.5881,252.2333,363.363,226.2176
Cer(d25:0/14:1)+HCO2,652.5885,606.58301,576.5725,250.2177,363.363,224.202
Cer(d25:0/15:0)+HCO2,668.6198,622.61431,592.6038,266.249,363.363,240.2333
Cer(d25:0/15:1)+HCO2,666.6041,620.59861,590.5881,264.2333,363.363,238.2176
Cer(d25:0/16:0)+HCO2,682.6354,636.62991,606.6194,280.2646,363.363,254.2489
Cer(d25:0/16:1)+HCO2,680.6198,634.61431,604.6038,278.249,363.363,252.2333
Cer(d25:0/17:0)+HCO2,696.6511,650.64561,620.6351,294.2803,363.363,268.2646
Cer(d25:0/17:1)+HCO2,694.6354,648.62991,618.6194,292.2646,363.363,266.2489
Cer(d25:0/17:2)+HCO2,692.6198,646.61431,616.6038,290.249,363.363,264.2333
Cer(d25:0/18:0)+HCO2,710.6667,664.66121,634.6507,308.2959,363.363,282.2802
Cer(d25:0/18:1)+HCO2,708.6511,662.64561,632.6351,306.2803,363.363,280.2646
Cer(d25:0/18:2)+HCO2,706.6354,660.62991,630.6194,304.2646,363.363,278.2489
Cer(d25:0/18:3)+HCO2,704.6198,658.61431,628.6038,302.249,363.363,276.2333
Cer(d25:0/18:4)+HCO2,702.6041,656.59861,626.5881,300.2333,363.363,274.2176
Cer(d25:0/19:0)+HCO2,724.6824,678.67691,648.6664,322.3116,363.363,296.2959
Cer(d25:0/20:0)+HCO2,738.698,692.69251,662.682,336.3272,363.363,310.3115
Cer(d25:0/20:1)+HCO2,736.6824,690.67691,660.6664,334.3116,363.363,308.2959
Cer(d25:0/20:2)+HCO2,734.6667,688.66121,658.6507,332.2959,363.363,306.2802
Cer(d25:0/20:3)+HCO2,732.6511,686.64561,656.6351,330.2803,363.363,304.2646
Cer(d25:0/20:4)+HCO2,730.6354,684.62991,654.6194,328.2646,363.363,302.2489
Cer(d25:0/20:5)+HCO2,728.6198,682.61431,652.6038,326.249,363.363,300.2333
Cer(d25:0/21:0)+HCO2,752.7137,706.70821,676.6977,350.3429,363.363,324.3272
Cer(d25:0/22:0)+HCO2,766.7293,720.72381,690.7133,364.3585,363.363,338.3428
Cer(d25:0/22:1)+HCO2,764.7137,718.70821,688.6977,362.3429,363.363,336.3272
Cer(d25:0/22:2)+HCO2,762.698,716.69251,686.682,360.3272,363.363,334.3115
Cer(d25:0/22:3)+HCO2,760.6824,714.67691,684.6664,358.3116,363.363,332.2959
Cer(d25:0/22:4)+HCO2,758.6667,712.66121,682.6507,356.2959,363.363,330.2802
Cer(d25:0/22:5)+HCO2,756.6511,710.64561,680.6351,354.2803,363.363,328.2646
Cer(d25:0/22:6)+HCO2,754.6354,708.62991,678.6194,352.2646,363.363,326.2489
Cer(d25:0/23:0)+HCO2,780.745,734.73951,704.729,378.3742,363.363,352.3585
Cer(d25:0/24:0)+HCO2,794.7606,748.75511,718.7446,392.3898,363.363,366.3741
Cer(d25:0/24:1)+HCO2,792.745,746.73951,716.729,390.3742,363.363,364.3585
Cer(d25:0/25:0)+HCO2,808.7763,762.77081,732.7603,406.4055,363.363,380.3898
Cer(d25:0/26:0)+HCO2,822.7919,776.78641,746.7759,420.4211,363.363,394.4054
Cer(d25:0/8:0)+HCO2,570.5102,524.50471,494.4942,168.1394,363.363,142.1237
Cer(d26:0/10:0)+HCO2,612.5571,566.55161,536.5411,196.1707,377.3786,170.155
Cer(d26:0/12:0)+HCO2,640.5884,594.58291,564.5724,224.202,377.3786,198.1863
Cer(d26:0/13:0)+HCO2,654.6041,608.59861,578.5881,238.2177,377.3786,212.202
Cer(d26:0/14:0)+HCO2,668.6197,622.61421,592.6037,252.2333,377.3786,226.2176
Cer(d26:0/14:1)+HCO2,666.6041,620.59861,590.5881,250.2177,377.3786,224.202
Cer(d26:0/15:0)+HCO2,682.6354,636.62991,606.6194,266.249,377.3786,240.2333
Cer(d26:0/15:1)+HCO2,680.6197,634.61421,604.6037,264.2333,377.3786,238.2176
Cer(d26:0/16:0)+HCO2,696.651,650.64551,620.635,280.2646,377.3786,254.2489
Cer(d26:0/16:1)+HCO2,694.6354,648.62991,618.6194,278.249,377.3786,252.2333
Cer(d26:0/17:0)+HCO2,710.6667,664.66121,634.6507,294.2803,377.3786,268.2646
Cer(d26:0/17:1)+HCO2,708.651,662.64551,632.635,292.2646,377.3786,266.2489
Cer(d26:0/17:2)+HCO2,706.6354,660.62991,630.6194,290.249,377.3786,264.2333
Cer(d26:0/18:0)+HCO2,724.6823,678.67681,648.6663,308.2959,377.3786,282.2802
Cer(d26:0/18:1)+HCO2,722.6667,676.66121,646.6507,306.2803,377.3786,280.2646
Cer(d26:0/18:2)+HCO2,720.651,674.64551,644.635,304.2646,377.3786,278.2489
Cer(d26:0/18:3)+HCO2,718.6354,672.62991,642.6194,302.249,377.3786,276.2333
Cer(d26:0/18:4)+HCO2,716.6197,670.61421,640.6037,300.2333,377.3786,274.2176
Cer(d26:0/19:0)+HCO2,738.698,692.69251,662.682,322.3116,377.3786,296.2959
Cer(d26:0/20:0)+HCO2,752.7136,706.70811,676.6976,336.3272,377.3786,310.3115
Cer(d26:0/20:1)+HCO2,750.698,704.69251,674.682,334.3116,377.3786,308.2959
Cer(d26:0/20:2)+HCO2,748.6823,702.67681,672.6663,332.2959,377.3786,306.2802
Cer(d26:0/20:3)+HCO2,746.6667,700.66121,670.6507,330.2803,377.3786,304.2646
Cer(d26:0/20:4)+HCO2,744.651,698.64551,668.635,328.2646,377.3786,302.2489
Cer(d26:0/20:5)+HCO2,742.6354,696.62991,666.6194,326.249,377.3786,300.2333
Cer(d26:0/21:0)+HCO2,766.7293,720.72381,690.7133,350.3429,377.3786,324.3272
Cer(d26:0/22:0)+HCO2,780.7449,734.73941,704.7289,364.3585,377.3786,338.3428
Cer(d26:0/22:1)+HCO2,778.7293,732.72381,702.7133,362.3429,377.3786,336.3272
Cer(d26:0/22:2)+HCO2,776.7136,730.70811,700.6976,360.3272,377.3786,334.3115
Cer(d26:0/22:3)+HCO2,774.698,728.69251,698.682,358.3116,377.3786,332.2959
Cer(d26:0/22:4)+HCO2,772.6823,726.67681,696.6663,356.2959,377.3786,330.2802
Cer(d26:0/22:5)+HCO2,770.6667,724.66121,694.6507,354.2803,377.3786,328.2646
Cer(d26:0/22:6)+HCO2,768.651,722.64551,692.635,352.2646,377.3786,326.2489
Cer(d26:0/23:0)+HCO2,794.7606,748.75511,718.7446,378.3742,377.3786,352.3585
Cer(d26:0/24:0)+HCO2,808.7762,762.77071,732.7602,392.3898,377.3786,366.3741
Cer(d26:0/24:1)+HCO2,806.7606,760.75511,730.7446,390.3742,377.3786,364.3585
Cer(d26:0/25:0)+HCO2,822.7919,776.78641,746.7759,406.4055,377.3786,380.3898
Cer(d26:0/26:0)+HCO2,836.8075,790.80201,760.7915,420.4211,377.3786,394.4054
Cer(d26:0/8:0)+HCO2,584.5258,538.52031,508.5098,168.1394,377.3786,142.1237
Cer(d8:0/10:0)+HCO2,360.2754,314.26991,284.2594,196.1707,125.0969,170.155
Cer(d8:0/12:0)+HCO2,388.3067,342.30121,312.2907,224.202,125.0969,198.1863
Cer(d8:0/13:0)+HCO2,402.3224,356.31691,326.3064,238.2177,125.0969,212.202
Cer(d8:0/14:0)+HCO2,416.338,370.33251,340.322,252.2333,125.0969,226.2176
Cer(d8:0/14:1)+HCO2,414.3224,368.31691,338.3064,250.2177,125.0969,224.202
Cer(d8:0/15:0)+HCO2,430.3537,384.34821,354.3377,266.249,125.0969,240.2333
Cer(d8:0/15:1)+HCO2,428.338,382.33251,352.322,264.2333,125.0969,238.2176
Cer(d8:0/16:0)+HCO2,444.3693,398.36381,368.3533,280.2646,125.0969,254.2489
Cer(d8:0/16:1)+HCO2,442.3537,396.34821,366.3377,278.249,125.0969,252.2333
Cer(d8:0/17:0)+HCO2,458.385,412.37951,382.369,294.2803,125.0969,268.2646
Cer(d8:0/17:1)+HCO2,456.3693,410.36381,380.3533,292.2646,125.0969,266.2489
Cer(d8:0/17:2)+HCO2,454.3537,408.34821,378.3377,290.249,125.0969,264.2333
Cer(d8:0/18:0)+HCO2,472.4006,426.39511,396.3846,308.2959,125.0969,282.2802
Cer(d8:0/18:1)+HCO2,470.385,424.37951,394.369,306.2803,125.0969,280.2646
Cer(d8:0/18:2)+HCO2,468.3693,422.36381,392.3533,304.2646,125.0969,278.2489
Cer(d8:0/18:3)+HCO2,466.3537,420.34821,390.3377,302.249,125.0969,276.2333
Cer(d8:0/18:4)+HCO2,464.338,418.33251,388.322,300.2333,125.0969,274.2176
Cer(d8:0/19:0)+HCO2,486.4163,440.41081,410.4003,322.3116,125.0969,296.2959
Cer(d8:0/20:0)+HCO2,500.4319,454.42641,424.4159,336.3272,125.0969,310.3115
Cer(d8:0/20:1)+HCO2,498.4163,452.41081,422.4003,334.3116,125.0969,308.2959
Cer(d8:0/20:2)+HCO2,496.4006,450.39511,420.3846,332.2959,125.0969,306.2802
Cer(d8:0/20:3)+HCO2,494.385,448.37951,418.369,330.2803,125.0969,304.2646
Cer(d8:0/20:4)+HCO2,492.3693,446.36381,416.3533,328.2646,125.0969,302.2489
Cer(d8:0/20:5)+HCO2,490.3537,444.34821,414.3377,326.249,125.0969,300.2333
Cer(d8:0/21:0)+HCO2,514.4476,468.44211,438.4316,350.3429,125.0969,324.3272
Cer(d8:0/22:0)+HCO2,528.4632,482.45771,452.4472,364.3585,125.0969,338.3428
Cer(d8:0/22:1)+HCO2,526.4476,480.44211,450.4316,362.3429,125.0969,336.3272
Cer(d8:0/22:2)+HCO2,524.4319,478.42641,448.4159,360.3272,125.0969,334.3115
Cer(d8:0/22:3)+HCO2,522.4163,476.41081,446.4003,358.3116,125.0969,332.2959
Cer(d8:0/22:4)+HCO2,520.4006,474.39511,444.3846,356.2959,125.0969,330.2802
Cer(d8:0/22:5)+HCO2,518.385,472.37951,442.369,354.2803,125.0969,328.2646
Cer(d8:0/22:6)+HCO2,516.3693,470.36381,440.3533,352.2646,125.0969,326.2489
Cer(d8:0/23:0)+HCO2,542.4789,496.47341,466.4629,378.3742,125.0969,352.3585
Cer(d8:0/24:0)+HCO2,556.4945,510.48901,480.4785,392.3898,125.0969,366.3741
Cer(d8:0/24:1)+HCO2,554.4789,508.47341,478.4629,390.3742,125.0969,364.3585
Cer(d8:0/25:0)+HCO2,570.5102,524.50471,494.4942,406.4055,125.0969,380.3898
Cer(d8:0/26:0)+HCO2,584.5258,538.52031,508.5098,420.4211,125.0969,394.4054
Cer(d8:0/8:0)+HCO2,332.2441,286.23861,256.2281,168.1394,125.0969,142.1237
